id,size,Mass,gravity,temperature,life
3f82b2fc-5593-498a-bb6a-6cf0bdeb8143,325,97.29696776357248,10.150298069761298,19.9237170641661,False
fdfb4b4f-3f58-4bc1-b513-9fa9e2f4745a,551,57.24973602943668,75.08969823640513,67.12035241039715,True
e5142bd0-89cd-4510-9b00-f4003a2b124d,955,23.06470490540652,65.54725223209921,41.6763316718252,True
7ccf9541-23fe-4aa1-ad07-547ab51552ec,300,26.36881566014482,22.170897508916,50.1216470554612,False
6aa382d7-e0a5-41aa-a279-601aa89ef373,828,65.00129528883001,72.06973073422334,23.87640004649508,False
29ba0f3f-1988-4e12-9a17-31358374adae,942,2.4083740125552366,22.532923671768813,78.76764227756769,True
08b33f84-02f4-47b1-81c5-5de7252bbfa9,438,28.99236136121825,36.78123705494996,39.324669405582846,True
a7108641-f6a9-4b41-addf-7890a428a63a,970,34.884237922036846,16.28541892108961,40.34408091855259,True
63f9945c-681f-45e9-b0c7-2238600d6cad,283,45.0310969238663,69.27798190205165,24.074513781178595,False
d6d9db89-490f-491e-8ac7-a03783204b2d,142,18.85477350487648,0.8670720682898314,54.844981191370856,False
23d1102b-bb60-4c56-9702-f8a4d1ad6665,410,76.8944890804302,65.35553345974638,25.456655579716543,False
0afeaf7c-3358-44eb-818b-39f7fd2895b2,473,80.0866687575871,81.14006795381763,69.09534061847069,False
b6f309de-740a-4b95-bb90-adf6cb80f6ce,972,15.819186560238563,19.0619638399144,33.07357165497958,False
dbb6808b-c104-4889-9721-19fd01605465,rikr,40.943770740968965,62.97275376079247,47.05923883024007,False
82ed1f53-7f30-4ad3-99c2-62155aa6da14,803,77.22135026771794,10.183823859664898,14.671452218368298,False
4aa26e9c-7514-4050-9a3b-b6aa566f19e2,657,2.86127581519432,29.99673921238054,90.02094388510592,True
74158ff5-ed54-4f43-8aad-6940da1f0aab,887,48.20491842847908,26.37392409480217,71.0184965343192,False
a1bc4999-d290-423b-9133-f77568912f95,908,65.93959583309618,31.880478448984903,43.64540937528798,True
70cdf3fa-db6c-4fdc-be33-9ceabe88fd6d,955,53.14355440562856,14.366441874551573,92.34977287412237,True
e707aae4-183d-4f25-89ec-9dcb73ea4bf7,917,10.300481430196085,80.19518966791561,40.75191163471548,False
4dac96f3-7e3a-4871-afb0-7142c182b729,999,62.58933425551223,47.936676461656624,96.11934973217676,False
fc6e3839-79de-4984-af8b-229883cb8bcb,280,78.97768937980301,60.61726158088114,32.31568255023246,False
bb61106e-de44-44fe-a62c-7e9acb32868a,778,19.660926846820026,88.37840997093936,14.61303368550615,True
a1d5aa6f-aea7-45e4-a3e6-02a413f88b65,658,92.44298099942128,81.22983855024249,93.81096640295704,True
c1a27c6c-f1b9-4199-b394-97de8fa6e5e3,anNz,79.22324908491198,28.56099427252464,68.36752363580123,True
040fe62e-7e42-435c-86d2-113a7917ca6f,fkkw,87.31489223805367,42.67389301468521,11.099282072307426,True
952ff385-4542-41b8-b211-615e2e9bf5e7,610,31.714786907124648,76.39761457641646,82.16409074895293,True
11d50343-ba64-4b3f-8dce-4e8038dda209,676,94.32659620384749,11.003735647058498,33.893074631017114,False
841d0110-acea-4e11-a9ed-cd41f2019596,631,34.32818325411356,96.71312028307328,78.42077737349538,False
78196ae8-072a-4e12-ab1e-7678403f1b9c,718,66.6817884831319,44.50219779413093,89.29196266830868,True
78e2f9f9-57a8-4bca-802e-ed7e44f77e12,770,87.541046664191,83.77535200171032,48.25631041727204,True
078fefc5-2a3c-4ab2-a7eb-0e321d84ff87,uuLc,20.671833801283668,30.650857213673767,16.66878867517585,False
f5efcc8c-86f5-47e1-b4d0-2ac5d4f96030,nzpi,3.601110629882587,58.96326789706888,39.98871875072564,False
3ab09990-ad34-48f9-8f0e-0bbbd4c38197,713,16.31594048347893,73.75817869252897,42.16167531002565,False
2a647d75-4bcb-4ec1-9b47-b2df5b4a70b3,893,28.56930629312089,13.78103207324324,39.66001204180504,False
4dace222-a603-421b-b2a0-932ca52de013,12,49.65914697891903,19.497103396002725,7.216314863109008,False
9c9851d4-5d38-4857-b47d-c6e11bbcdd75,843,72.75732452791323,91.48054676810904,80.47249692090247,False
13787769-72d9-4aef-966b-66dbf75c686a,288,85.70197951299467,57.8154817738648,85.09823425630788,True
a521c9eb-30f1-42af-ad08-b3f4d9d2856c,454,0.0733617066076774,83.95552510519096,41.43278179029011,True
6d1ab462-7d36-432c-86d9-a52284de3737,817,24.627975981629916,0.6568167011913872,19.2721321301364,False
5076fae1-28cb-4402-8c54-b6ae935be348,lfgm,36.480324822015234,87.21989831125157,35.94901663801144,False
eccdfe0a-7c1f-4da0-a477-38072db2011a,gwkm,42.0751586989398,77.26864760662096,0.591385308184389,False
52af80f7-4f8f-465d-8242-66539c1db9af,228,90.50649367474917,64.09235469260301,66.41336916917483,False
7c53710b-0a5a-4050-b26a-9f4015181a01,bubh,12.94457104376563,65.03406782409283,65.97479627010782,False
f4f70406-1af6-450f-8967-b6952514e49b,292,66.75277883879578,16.514915088858352,45.24762357416614,True
275f50aa-b637-4164-8ca9-c7d2d448bf74,282,36.75884457549985,95.75187284424548,97.82658946375524,True
cbe9be32-fb85-4928-96cc-0c93d0d318c2,228,4.3914755757840425,78.91942259217366,36.75178254507959,False
fe2b6f51-cc06-40f4-9420-81d53234debb,81,49.36917349435831,15.650959179292125,97.04067991656709,False
d00dfa46-d0ab-49a3-89fe-406b36623023,69,67.09871734987586,46.82552208216833,88.79831123166468,True
ee9e2300-7d28-413f-8626-d735039928f4,HIau,56.52883927499799,82.54036541347818,60.164121520853485,False
ba29bc23-0dc6-4d58-9d13-95d55d6851bc,iLju,50.42590789587828,32.99419378959263,7.888739645359289,True
2f2a361e-bf9e-47b4-8bca-70b88fa81255,766,19.65554852263708,7.072992653285127,18.53211549292839,False
a162fad6-ba67-42b6-9634-248fe1acf4d3,541,81.59211372484833,52.73870902257292,36.75795224108776,False
68fbe283-2a08-4d9f-8585-03d367c7e11d,389,27.66633762854639,23.268987672720844,86.13005412371166,True
bd601601-b341-42dc-abf1-b73624b873c8,Sydx,43.49701617359399,30.635936886780325,6.175074470350328,False
1b90739e-c9ad-445d-86a3-eda5a2db07f4,730,89.74466587510675,62.06375157660915,15.011671742467602,False
ea2df1f7-978a-4823-b929-73eeb88d417a,923,42.94751616388829,94.04260604100122,42.898222634402806,False
14d74525-1df2-416d-a4a4-40bda34230ac,107,18.24384075545992,91.32285690778949,43.36521619982475,False
bcb8c347-bc43-489d-a86a-1cf28ad32088,871,3.198744417826349,33.372926944320945,12.209344658271004,True
c6e9ffc3-ad14-452b-8430-a987d691845b,823,53.79399265656482,14.475770785616572,54.66973276183785,True
72a6e24a-eb35-4d81-9234-acfb9543b772,290,69.26208921073842,99.08085117530727,99.98829491032366,False
f6ca2374-8c74-4ac2-a4e9-01cef8c54bdf,twje,85.7594165905336,36.35382419937558,1.842140420914096,False
bb95f2cf-5b54-4127-b03b-01cf59b12b5e,lnnw,22.848841348744266,21.404961519890385,90.37198529656024,True
86de24a5-bfe3-4e66-8ede-2711039f3ef4,19,85.28043310439311,4.090931674535825,76.09607773895877,False
38aa0fa7-77ec-4752-9869-b698e824aaff,ffnf,91.89663852948344,75.00462679684091,74.12815754161586,True
87f42410-f29e-4132-8661-cba357104b67,35,96.31022966105677,88.93237434163576,31.955579624980945,True
7c11bd5b-9778-43ae-abba-9b203bcd430f,400,23.36109779504624,2.685788082000373,91.14378908556252,False
8ef3090b-2c30-47b6-b27d-8ffab5d41ee5,mvfd,63.81472604530816,47.89795877053072,17.880501175281125,True
d6da966e-0879-42bd-b7ad-3b183e1b7ad3,129,85.23615471578508,22.70675364026823,4.872142380218058,True
55700618-92f3-4458-8dba-de1ee89d1587,144,68.15342636493213,22.26238433580016,42.87049503320307,False
5cee48f2-0dc8-43f9-aaa6-ecf1cf9d0da3,onnt,43.860764317034096,60.8823583695234,57.707519222120055,True
c4cde66d-e8cc-4784-abaa-a4a5b176a012,ahkq,2.050394982030801,90.57453411752584,60.79756888529823,True
6684839e-68f3-4c63-ab39-437306645ffd,glvr,5.221791809959553,90.5023276546606,63.96777374634502,True
7b08b406-b66c-47fa-abd2-57d18c294627,191,26.34342163899396,75.08336179650641,60.34074670112547,True
303a9b6e-912a-41b0-8e5d-efe0e5bbba35,ntct,48.88147862371199,64.12624832893286,25.620724030591944,False
777a79f9-09dd-4b7f-bd0f-05ee36ec7e33,eCic,70.80352299826413,55.35243682742272,59.95379464510009,False
f19ec8b5-8d62-41a8-a2a4-9a4a64ce5885,283,85.85513513006366,75.7386197932381,20.74596291871891,True
a6aa058b-e71a-46b7-b119-e93b6b1caad2,666,97.08273640111052,34.729338246090016,98.33369637791866,True
cced43ea-65af-4ba2-8056-6a9a124db52b,276,21.979148246817427,61.69650637734271,40.68004041976182,False
72034d14-c846-4eb9-abcb-0cefad0efe0d,39,15.21227064978239,49.07025700954728,25.634365507630864,False
b521a4c4-c633-45b1-bd2d-67c1b58ffc33,585,28.23835237165647,57.40386746621978,86.4993190828246,True
9273826f-0ade-4719-9678-9d7ca3825e02,311,15.728126153208745,97.48428870866864,84.34279644724766,True
5d4e7dc6-3e3e-4666-bfca-92baeabbffe6,728,16.96345559396004,10.812677503062307,65.36550682300255,True
c7d4b264-ee4a-4c11-a85e-94d064473d0e,Tjlz,84.40460230662204,43.67870395678354,27.950441604978383,True
4abc7cb8-0ef5-4ed4-adc0-dc3f43e8149c,719,75.7143829378269,66.60566234260698,77.59112429702397,False
7c2156a7-cd86-425b-b8e3-4a1c1d5b51db,919,96.5924054299352,33.042124999311326,50.686938421226216,False
5708a5bf-de0e-4aca-a0d6-64f8708cb67c,55,95.40333949111744,62.3613432650842,46.736854905582646,False
e93444a4-e4b7-4a7f-afd1-1e4b60f8666c,336,89.0376295603454,64.26904097037857,74.45408984036318,False
9e82379b-4ba8-4de6-9f1d-23a696f1655e,209,36.21724998022249,28.1189264289867,89.71304065565771,False
b3e0362b-7bc3-4720-ac27-1f7bd5276768,826,68.03438386136311,64.73793887080552,8.076047486166216,False
6789ba74-3a7e-4ffb-b329-15176ac731ab,740,36.91388270721222,4.690469166382272,7.665827295477124,True
2fdb934a-ee74-45a1-a859-869d38172962,qrqk,59.08337775095311,65.3443769898314,6.789289609548543,True
20100626-81bb-4391-9a4b-4e1c6205925c,nane,0.531867222944371,48.45725923698214,72.82882033819038,True
62c9567b-f22d-4e53-831d-04aaffc1d41a,98,38.02947139933601,54.54022691097949,93.78564007807026,True
4152db9e-81bf-4004-bb58-920f1c30f2f4,744,15.07628081005118,4.974336784123789,56.36225540064267,True
c94736a1-90dd-4b89-98ae-8141cbec682b,608,73.15341298728035,59.77517992502729,18.169278334937424,True
d35f0651-271f-495e-9ec5-0ffad2aa3967,823,42.57738467357138,27.0929604128494,39.20762903347763,True
ddbabb6b-5573-4fa6-8209-585fc1122ebf,135,91.11122504432912,61.823944219148345,39.85400523628076,True
8e948b25-4bea-490e-90a7-66fdfba4336d,oK,92.31770481750674,74.90843298849084,71.44939801118346,True
510b9dc7-2209-49da-8d65-73e0d101cad1,jlvb,40.0586102872356,91.65835574287564,21.45432482667333,True
1859fd38-bed6-4101-a087-d79b1d755a48,840,66.46898016247302,18.755935448447858,66.78001929789379,True
82202a0c-1071-414a-b4b0-083ac257065b,Puof,15.356950666358816,91.0581075383005,46.30424489404098,True
db0cdcdb-4242-44d0-ac82-6bc536c37fad,67,22.580658260032205,31.674246335067625,95.4180363715551,False
22461e65-6de3-4a67-96da-6367c2b3c159,782,91.83810565212328,94.98995934140405,78.49838190107964,True
a0245127-ad36-44f2-84b8-4beadd5081c6,464,13.409954919948396,41.25236866311896,96.26538636398814,False
4f44ec26-7fde-4733-8cf5-438853b6c658,qaQu,62.24949150143957,42.81800799280807,78.05676983520759,True
de3b3839-9a8f-40d5-a722-8d6e33341095,831,65.20820188071784,20.631784128467256,40.211844669578966,False
48849cc1-54a7-4768-93dd-5dd44579ac52,123,73.09079681498882,29.40259800315548,68.26848313841127,True
01d35d7d-753b-411f-a29b-5b8a9dc95daa,aqds,37.70988535910783,23.164019384535692,28.73486467081634,False
1765f030-04f0-44e8-a90f-8e3899c0aab2,585,23.466620090515757,86.41966626784325,21.679965584424544,True
8ce352cb-21cf-4e25-972d-73b36254fe6c,507,31.43162623648924,51.73933292438739,27.695985681819447,False
8d3937f4-0cb6-42d9-92cb-5ca0da516569,919,99.13051489382896,56.03456590921939,33.85587916342091,True
14af1193-16df-466f-a580-0a6afe1003e1,648,75.88085041775443,86.36394611603981,40.76942789971527,True
c804ef52-863e-4f38-b2b3-f3458363d0e0,323,66.05125457159987,28.111413470775737,44.662216547635225,False
48f5612c-ec77-4e5f-b0dd-9f561018c0d4,975,14.96063168668097,63.011277403515074,48.99160347147923,True
cad7f5a4-001b-4db1-8bc1-52a7d96e88f4,607,10.876521631645886,63.057413323604216,0.8698211930819211,False
74022be0-7e4c-403e-abb8-84c8fe46a234,rtip,91.5636538462348,68.77478372982519,43.87968964360732,False
2787f4cc-12d8-412b-a4a4-2959dc47d9f6,714,74.75562574199805,67.17713771721412,59.67631329223361,True
16775b6b-eec2-423d-b6c1-26c883231d87,500,86.01376869144556,99.69398091248335,67.34679971047204,False
fbc8c0c2-eca9-4a9c-8cd1-c8356dbda6e6,xyfu,89.18774094863146,85.90915558618252,7.669404077040265,True
5f21de1d-b260-48b1-b4b9-30392f2965bf,26,67.07533648467106,30.63067747810657,7.268099513818649,True
7be0791b-eed6-40ba-a5c5-202c0704ed26,649,54.38378001695831,81.13417355797964,23.04343991990272,True
e393b17b-3fa2-448e-9922-f707d80f640c,374,81.76077927203416,69.39272414863146,16.289604948262838,True
003a5ef7-7d50-4cc7-acd3-6b89c7c685d1,85,6.623062600836227,69.50519797861922,43.797013430714905,False
870db291-3a5b-463d-bb88-98c71527eb80,45,72.80567934720548,3.4972361495695714,21.232514848596416,False
b3dd430d-05b0-4bef-8691-79500821ebf1,774,1.2009337367314687,82.54426687484248,91.05752253196422,True
08536829-dd5c-4b19-bced-6dbf9dcf8d33,702,60.911346244948696,30.046244696709834,13.717892530570374,True
498b2eeb-daac-4f46-b20a-2d9c91afdbd1,30,74.13834892574765,61.86104732414475,39.166590975704366,False
eb6de275-c2e4-4381-85ee-1f6f0ed964ee,932,97.90250051582372,81.21806317232556,35.628430374223576,False
81cde994-33a6-4d32-a0dc-553d1d76b4c4,401,18.509556690187413,21.56165921924753,41.107351706733375,True
84e61ba1-d12c-441a-b606-73f7592da31d,607,66.8522305905589,26.33563608401427,16.3311370363063,True
b81b87fd-c58f-4beb-8d4e-672bcb33ff90,682,85.99163963830058,64.18084517761767,91.52136319740605,False
d9dece22-fbb7-461b-95c2-9417128774cd,460,8.953425169840424,39.22523694753938,13.902631352908443,True
5b9b406f-a48f-4308-9a38-1ba3e0722d2c,594,45.66005977917725,26.428618817628024,15.31521838005111,False
a1169315-fb14-45ba-86f6-16c313d1ad2a,614,23.471624183492235,32.484279135117845,56.80154723496711,False
5801f27d-5c9e-4f38-bfca-727acb47395a,868,80.1825263056869,25.517091841155658,59.52535494209559,True
3843bf8b-0e71-45ca-9dfc-1b4ab7d47014,rRjd,16.001758059633065,62.57015335187304,7.415707441933073,True
13481d16-4167-42d3-a180-1de8403fd47b,92,52.05653016044746,2.69425268558261,8.974999809295703,True
0464a8e9-976e-4766-92e3-e2f1649785a7,786,44.39802015737,83.71481508671535,66.97611857036375,True
178cecf9-de41-42fe-9ee6-d2e4090a13e8,989,33.714803997970044,23.7236858057713,77.63987749399269,False
91bd0242-e75f-4413-ac3d-30aafed51323,998,68.08655061765575,93.53325196771156,81.41654043640568,False
e45b6aa8-a704-4711-8a26-6faeedfc3256,nihr,67.89350051713429,26.130751481351865,94.6752191746938,False
b0dfac7f-5774-412d-a2db-bf3910411120,389,9.147957650814432,23.971787280908075,60.17677739277968,False
fce33577-cb76-4395-a517-b45f4d65878e,759,76.90108329735574,0.4332636077732155,73.33896539366735,True
6d132ae6-b9a6-4935-a651-4c28809f1afb,133,2.9135262209063595,97.19093010610662,21.04794993829689,False
126b2fb9-7497-4e2c-be4f-03bce29873d0,865,81.15975465912905,14.54607720765565,26.3328061118585,True
86186802-ab79-4d07-b083-36c0cfcae0e2,287,15.932578092415916,48.24708450442107,56.10693074910029,True
c2f44f75-2161-47c4-a659-4556951e3541,788,54.06664234383446,47.44234449771332,91.957663076517,True
c69197d3-3492-4715-bfd9-2089d310b0ed,Oiry,30.587933285721142,71.85320785479323,88.86870805426194,False
ce62baf4-87cb-4558-ac73-4cb0da5c8cf7,664,46.419923738320335,67.03694607927119,47.27806907183898,False
256e2859-7f87-4b27-be91-1d73a0142dcc,29,89.04525761609464,53.580939788937286,19.573966636471628,False
05650fba-06a7-41bc-8825-b3008fe4efba,721,26.64493852734934,98.06792438055903,24.92635506896872,True
36f01fcf-8bc9-4f3b-88b4-fa5db4698522,585,44.11141395425998,37.763073619910735,80.34721500982283,False
3300a03f-4081-4ed0-b0c8-5700198a349a,178,84.20022745017009,51.79866045005949,3.5817124723734883,False
bf2ab115-1086-41b7-acc5-22f772a74dfa,989,71.65538399155628,73.4001278489361,55.605656759160816,True
028cae78-c6e8-40e8-bb99-50441aeb9a44,wfon,3.038114973188877,85.39753253568217,32.64744261261391,True
a1f4ffde-1a82-4539-850c-1052c6534c6f,407,64.20850004345655,89.38529868291015,60.20141340171561,False
1d0df3bb-05a1-49db-944e-9c11f3ca8d40,119,42.20654737416479,57.1633322048587,45.20318964269475,True
5bddddab-7e63-4399-a1da-15926a17a17f,974,50.53975940985387,53.89321721247106,61.68267646524031,True
aeda94fb-7ac1-4d19-8c83-f49d9f41aa15,180,17.578024495591784,63.98487791644744,35.08731691502721,True
69f24df0-d92e-479c-a1ef-50bd9e646369,342,58.38224815609121,24.05122932421664,38.31924707312267,True
66b5db5a-12bf-4429-88be-3440b9e1e747,901,60.235173205297535,36.26926492222321,82.18320559531251,False
9357626d-cfe5-4c46-ae70-bc5afc8ec6eb,918,71.22058877809553,20.832896709058048,76.96175479945391,False
3cbf8d55-be3b-4bb5-89be-f44a3c54f5a7,bocS,51.47729385637678,42.809460077989016,39.52136420397176,False
b9f07301-3e9f-49de-adbf-2d9ee2b380f9,25,17.122960243040218,91.58809991851,99.37592881565016,True
1bbbb2db-918d-4e2f-8e5c-17f90339e363,qkwy,0.9988747312047686,84.02226046547078,50.64992115696874,True
bd7489d7-49ab-4f48-929a-f307473eaf95,gmwC,68.97485599242673,9.233271035210487,13.122375048334046,False
21ac96d1-e379-4341-bbb1-e9bd8346d432,fxek,3.2084377753179405,78.21906905744449,11.473705553436652,False
e80637c7-54d3-4b16-8e4f-cd317cf807d0,pfeo,63.76826837053752,35.28191799207542,3.649535329025833,False
a52420ea-ad45-4fb9-9ca8-04be0e5d697b,194,90.7283011385069,15.51729185415056,43.18634911199487,False
659f6475-8fd3-437d-b23a-a05d55dd7d26,135,50.11062543507207,92.34068658840538,3.131962664102294,True
4714400b-2fc3-4a35-86cc-77aebeec3594,ycre,81.47023848588933,18.74292624588192,48.30593447212468,False
be576f38-d0e8-47f7-8ecd-b44e10e91e99,855,9.360133065487595,81.76596060655032,51.57498125592311,True
12a275d7-4f9b-433d-b778-311078451772,114,47.75009844299844,18.64932530207882,48.72709001971575,False
e5005cc9-4833-4f6f-b7c9-0db917989668,577,57.06755457034576,63.85701374216842,25.04140931311286,True
da4021e7-75b2-4a1e-a6f5-bde30a6b2259,295,56.8415136512795,86.49007129651966,55.68787660940012,True
9076dffc-f671-42f5-934e-73ab09074b20,540,59.59491697135368,35.61308656354826,94.48518519546958,True
07b98977-0b42-4c52-8bb9-bfc110ea57c4,Bqng,16.17855471967272,66.55100740081525,17.538548276206477,False
6a355f19-ca24-4547-837a-689fe328a653,197,54.35445750377688,98.56468351293898,97.6180232309142,False
7c82a2a3-d33a-4ebc-b7de-cc27ad5ad116,999,3.4017452314791363,19.86051683022604,32.05829236943156,False
a31cc0c2-a877-4493-bdbd-2c122ab57693,454,38.95340554587911,47.95371666629872,32.0954255079958,False
1c2543d0-d67d-42b9-b3e6-e9751a35c3a0,159,61.34542093271579,59.32635917638977,70.03573311853563,True
067f12fb-8007-4c3b-919a-34c4bc941d1d,604,54.89974012754805,97.81725756079857,48.3360876029288,False
0cf701c3-d4a7-4508-80a6-251fd27bf59c,827,25.696269444290067,20.593900692103528,99.510790635183,False
ddf86141-1f37-4b41-abf2-58cc8ac2c4e6,4,93.93378403348224,88.04443565406957,52.46871156640363,False
83e3828b-4b38-4831-b85c-f73c479ca9cd,824,96.33674419560622,64.89536642741149,11.770605337016937,True
924c4d4a-f886-49db-a3c7-18fda83baf01,293,46.21110991227916,76.94685663435764,54.7407620903789,True
aa6031f3-a6a2-4134-9087-d127cca2e386,524,5.858933807813416,23.034799853565456,87.66618743407679,True
b9725683-6e4a-43fa-b038-89472c237431,131,30.74443184010216,40.19826628192915,98.21486208349532,False
c73ec78f-9532-4eab-abbd-c75d3ea9a7c4,901,74.12923092390112,85.62419211041585,20.20695752390977,False
0e88596d-b5a3-4ea6-9bad-b091a74d0bd4,468,10.289524801475636,5.687959524297758,80.22854201465154,True
b17efada-2279-4233-8ac1-643bfaf80f02,294,42.7684178608913,21.47981372312417,25.59944058615972,True
7088e8fc-4614-499e-bdcd-56acad471416,959,63.559871881987696,11.313717923314648,62.79525466157322,True
7256a725-d805-4028-bfe8-56cc9f2acc2c,393,94.0793684601173,67.05704292975467,95.96424032138512,True
e7925598-2c55-498a-b4da-c08ccd1407cd,arzo,2.185822924733727,73.78304525095122,90.42049913645374,False
0717fb16-d671-499b-b68c-9c63badea09e,493,0.7599815401256649,20.738887150051035,51.93237558151884,False
f846cdf3-45a8-429a-8435-dcc9adcecf58,648,47.08151368635727,33.181666555736854,74.79094788174136,True
a0a2a501-f025-492d-bac3-6159f11295d5,pxSx,16.528888004594577,85.09932695155695,51.08170515014905,False
35f0465a-2b19-49d5-b729-bf20e39c3d2e,608,83.19145739130332,13.80273581586209,82.91094006005119,False
81ea6b3b-56a1-4b11-85e3-a44c379a4c35,908,21.82857102985938,52.13793211453566,35.26652372189577,True
90de2b17-17f3-4a90-a2e4-9bb3d42a95a3,qiwo,23.061700540752984,71.31058826140921,23.311342863705587,False
0f33abea-d653-4aa2-87aa-e00ad5ae5da4,52,67.15589980287842,13.724369520767477,68.13508943794233,True
67090d5d-56ee-4f33-bab7-192f595026db,iyen,94.99436723146306,44.09616487176352,47.20357750920466,True
07635000-3439-462f-a422-5f236d1c27e6,brfr,92.8036162333739,1.465600825022184,68.9885685860757,True
fbe3b4ed-54f7-404d-a816-faa53fd0eae3,564,77.48140683643268,11.573523448356092,23.383417412994167,False
34c38bbb-6a46-4963-9d72-7c33b96fc989,811,17.574305088204312,84.2659940059882,19.78060655071383,False
93c79f7b-fb18-44dd-9d52-d57d62ff4773,tify,3.905536125155018,72.44058864746964,51.91241759978861,True
81a76700-8d2c-4979-a3e3-d861051b89e8,574,66.01399724345289,98.83435431410726,88.6399436743442,False
7c52c277-b266-42da-a0ae-9a7b2ff068d7,433,31.51006858298325,12.416437306908144,30.118013385635468,True
93a29406-d01e-44ef-bc55-6808f3020710,854,75.39720557300343,82.34441686804263,92.62744204779132,True
d8215593-36e8-4488-aae9-1fafcfcf1323,915,2.469591374859703,42.89667873677111,63.35066186173034,True
dc995c6b-1db3-4729-be30-df351fc83217,846,44.27925452004765,46.45993047895114,88.41714560464214,False
1365a5df-8c76-4a43-aaa9-4da8400f0451,401,56.03523622554949,68.59451491825494,66.75557787378276,True
f439bac0-7a6b-4af8-b60d-b686f380c724,simm,96.43801296766756,74.14511361277091,27.585273666362585,True
da2a2833-2d50-41e6-9d52-254c81fdf864,xgvj,43.01951694823241,7.187526269830569,10.2229870080227,True
2b603480-89e4-4269-8bb7-d12784c336ea,888,77.66177445741693,0.0291167887521259,65.72455724605165,False
a3eb527d-9e20-4f90-8803-8a0cf210539e,917,30.241927084092733,17.165259518508414,32.00366761645933,True
02491766-ff6d-45e4-8f13-6722fca4a830,886,83.98837131005618,18.98631671931233,97.1447364495393,False
2301db1e-7dce-4522-b860-8ddab3fa5672,773,69.71262719251303,76.77300528100601,79.73268931226632,True
16997cbb-a5b1-48c2-bc3c-dea43874d224,310,77.16239990884557,99.85931129632633,50.79286038255724,True
913c4b2a-a373-4e66-ad42-2b94bab8a60d,789,72.76198777845104,44.10231906195582,72.2873578575129,True
5341ab1d-39ef-482c-9801-88ad984fb8d8,252,73.75294130974594,9.502260405069428,58.18319697783642,True
64db9a44-9943-4171-b574-eb1daab31e2c,95,16.7583650194559,50.02110868721039,39.41927924730084,True
396b69d8-5e09-4e4a-be65-1c3d29dcfd2a,ysii,47.34594428614184,65.84309545229432,95.79322767693948,False
fc03a7fd-b62a-4ed9-b4a5-98a43d1194ee,soyr,50.02976740772663,36.12628389962844,50.545844878850886,True
81dda28c-1310-48fb-9f64-905bc834d123,222,43.01140631747573,65.63902605153706,6.416039592287703,True
1b0ed188-fda0-46eb-84b4-30874071ac21,731,0.4141988133003149,12.436010488312164,68.74747869290819,False
6f1e5808-4a2b-40c1-aaa3-8a1fefa2a6be,348,3.2159709105294643,0.5128944352651765,23.747733974779862,True
f66f8b75-7865-470d-b1e6-a9a56db5ffa1,786,97.9143311334955,91.5556687384794,67.92664343394435,True
ff604ade-c846-4b13-a90e-6e2f38c4f1ad,972,38.96656977242949,5.259149322870604,66.05028510586078,False
89b4210b-0c4b-450f-b052-57f9d80f89fa,rilb,29.504398267596788,27.362635464229,86.56999939214651,False
e379b26d-a372-453d-ad46-5fe612058139,958,24.92926730203584,44.50070343684184,92.0768013306738,True
f34aef51-128a-4232-9de8-53e537dba6d3,968,65.64221491248287,80.20622526382235,63.76503032314951,True
3ab3cd0e-d8f7-4dc3-b971-599a4914b6b5,253,42.75590681914987,38.5944832749868,51.48406925440644,False
acb341aa-7439-4345-a6f7-1b27739ec0ff,555,41.420239105895874,16.421382979346077,69.62122309993775,False
d28090df-26a4-4826-ae6c-8caeba317fc9,gTfx,3.354665023482972,31.896391010515256,0.8049075333195654,True
74b03f00-51d1-48df-8e46-a6d54deecd9d,tfjU,23.19438682905988,88.46413660647508,16.355916807849535,False
eae9ac3c-6221-41df-869e-5e1256596a3c,386,86.55296188196091,20.112153796922076,72.46855215602784,False
f1c9867a-992d-4122-8342-7d9fd7ab2add,931,78.59659290174926,71.96796806129079,55.66733978937485,True
1fba6f4e-1134-42de-a577-9f1e6ad5099d,218,67.2327719422421,1.4118950657593277,76.89882407585903,True
0d0294e9-4cf2-4e79-8dae-d038568f0e2b,oyfp,59.91945099744584,79.73977442372609,58.79955757113468,True
fc1f79ef-c609-4c0c-b303-aaba40482d68,942,18.735802473676987,87.25571577107185,15.504450369498812,True
c783db9b-309c-4476-b0e9-08455c62bf25,527,13.876657795779114,74.55690768732222,79.59794893167468,True
5c2b78fd-b64a-4cc5-8bb0-94cfe7a5c3c8,974,60.545588889981886,90.75614783051344,87.76379774111443,True
539a1d5c-5de9-40e4-b178-74064e7446d8,379,61.45901449795645,52.77873138393743,67.36762152202544,True
24a4bd63-37b3-4aeb-afe4-064d5f0dc186,733,83.0145260192986,67.39258413744764,25.99550537378485,False
c5da807a-dc6c-4fe3-9e9d-0cb0202bc1a8,936,90.71265748156496,61.78885824022855,66.87082462760844,True
99355a07-9da7-450c-8a7c-cf1d5021dea5,420,50.895918762991386,13.302298534130074,71.00654316934043,True
5b3e6750-b919-40da-acc4-88545abee306,ibwr,62.60484179463113,21.033733589340308,10.034460914380416,False
0be30e3d-1610-42f0-bc1d-640ff872d30c,532,58.72487807146091,9.270346203484014,14.185783774174777,True
eb8d3b0c-6452-4081-b74a-578f6416631e,638,49.98411293561935,29.31105467666577,46.88911992965336,True
8e33da03-a79f-4da0-bc81-3bb269d283bb,125,32.13928062264123,18.40159058561118,8.61670257948387,True
f325acf1-367f-4a02-9cfb-51cb8b4b0144,628,64.34915702919099,32.11023453319001,80.91338256007565,False
718e319e-40eb-4445-b3f9-36085a54ee9c,197,85.29496103538958,83.25997307739547,17.36678940931523,True
ae8b72d1-a822-4996-bf59-142de7b77b2c,891,43.76570625209065,86.8104257722511,20.138738485391077,False
f11b3583-8b16-44e2-ab46-02a095cb98db,454,48.40228961521835,39.94109760662479,43.49236814256619,True
d9527bb2-4cb1-4d9a-8980-4fc0b19b66dc,981,79.69949294275531,22.990381784686686,78.72166008451586,True
2d4ebc4e-2802-4d74-9478-cc4f149e0f89,462,26.93095178830727,15.023463713908969,56.40982824842462,True
f36ae79e-b8da-4943-9350-bab8ce9f19e4,482,35.04741270756539,0.8271917349266578,59.46648098413987,True
c94c6249-2de8-4437-9498-f6b9882fe08a,809,36.91307003968848,41.18611712191075,44.263309043901046,True
719d70bf-21b2-4b38-9cfa-e15b9a323cb0,491,13.83876988727174,50.04114775727621,57.27625895207405,False
049775ad-50ac-4c60-ad4f-e196b72005bf,35,5.160070172739606,28.308701787033677,2.825335619038971,False
9954bbe0-a887-4dac-9b74-d4a2e21f831a,82,53.58659237719034,80.71907796385402,11.02784085280668,True
bbe31289-8b3e-4a4c-9b03-9c4032dd08b9,624,32.432799062640726,43.30538744105671,20.692995229074963,True
72f29719-f0a1-49df-8e74-7c4daec52171,968,69.08161705109866,2.585023635283834,62.88957425135232,False
11445054-807d-4306-b618-6efe05c9fd0f,854,4.271040818894722,26.11750574601377,36.96857047243163,True
d3d36a8f-f3ab-40f5-b219-51331d05b119,430,65.82185342654589,90.40296321021589,89.3002617721503,False
00137c96-f885-4766-bd1d-e3dcffeb6ba8,668,83.49602907393509,43.36954732191977,96.57145027461658,False
e251e677-184a-4e6c-87ba-cf2a4ec2e980,828,37.41596814788126,58.604885624597294,35.1271347132911,False
efcf8c2f-a765-4910-8ff1-f84c017520f6,492,94.21459137429434,12.601875351364322,29.37495806913969,True
04c15a5d-64fc-4ba2-a16b-20d0abe7bae7,921,79.8175627135391,36.04000875751958,99.07482437803236,False
5751f13c-f85c-488c-9eb6-06e0674fe04f,34,77.63671273042175,4.327257845353949,43.90427351847301,False
d3409ecc-be8b-48eb-b332-f63da1eb1fa9,509,0.4628341224756971,10.68945517895915,7.742188367298242,False
bc50ac6c-05ea-4c29-b079-f36e14ffd702,197,62.46811325746652,47.73009209763824,18.46556474080369,True
74f8a4fe-c787-4a67-98e8-5ef8b3fe461b,362,45.3095473382572,51.478359889495074,71.38331931810811,False
72afaeec-309c-4a54-9044-1a9fe2c95a37,187,31.80144716226674,48.06798083664805,23.686912047882704,True
03e61d95-48d0-4688-931a-95501ba369d5,946,28.62282269811127,75.29876830536969,0.5544057755343168,False
56331530-4c32-4bb5-8f8f-9f4fee8a9043,371,32.20957727802548,60.00430590920928,23.685948173520774,False
47108be8-7948-4646-9d13-89ea15e5f3df,320,76.89769045849974,87.15839396098261,53.52082979511057,True
53f16a40-71f5-413d-92cf-a1cec4a07d35,377,58.80920017438738,83.3360051296712,50.17429201799624,False
2796b5b2-2db1-4f09-a5c7-37b44ef4e76c,2,99.3080464277934,92.80412817383936,76.49965108643742,False
5e602345-e8e1-4be4-a77e-6d061306ec72,647,79.32296749378332,43.44154357174494,33.87818558320932,True
f05f7974-7660-4858-bb81-2083e890c0f1,714,96.18623517092408,22.97358065782663,86.24171621989478,True
302ac3bf-9a9e-4eb1-8609-ecdfbccec871,197,92.19655823050684,50.03120976084999,58.81973970172943,True
0a8ca09f-13ab-4a39-abd0-cd64e468f248,393,78.55330296685337,76.12543587213081,34.09649991273264,True
34aab41c-acd5-4d65-b3ca-045face2e1b4,675,12.880636540701753,86.4982898394103,54.617933845605485,False
2f74fdfc-8c96-4fc5-b058-86886b3a7436,gejv,66.28162744897644,73.8301104483269,84.12042908599463,True
ff524664-1ad7-4792-9099-de35d753a82a,575,13.032335109268889,39.88002843624364,67.50756539261313,False
33d4e907-69b3-4842-9222-e00028f60747,497,10.755026195198536,67.1850700998054,63.42056208092599,True
f5808d27-4e9f-4ec7-8d40-b2029c703a7f,187,92.24406473688369,27.319198334858957,43.1601090261852,True
4654782a-1bef-4150-9585-b1ba6b73292f,197,51.610466909549416,59.56008794018821,32.93360044697211,False
8310b248-2762-4ca7-90fb-4848b4f417a8,411,61.40110933812933,54.53723276422681,11.431853970981852,True
3cc2809d-ace4-47bb-8f77-4407248105df,716,88.0023339820845,96.27676843902158,81.83601815750116,False
b8435840-e795-41a2-abbc-399674dbbcf1,467,71.84601072632722,15.920863053824895,0.5248108764726589,False
14d864a0-e4e3-40af-bac2-750c80592f4e,257,3.316244301149518,60.68141666442312,20.37680877277088,True
b45ae3b2-ea4e-4582-bc30-e94993fed1c8,576,8.19099439094998,12.724519080572628,8.332626012706058,True
8f96c621-38d1-4388-9f59-81022203d341,kqx,78.45225601610957,84.64143775695145,94.5353590133002,False
7e54133f-9838-4ae1-899d-9981fc8e99c2,vvjf,14.367956487219391,73.51332027839874,75.22202859903598,True
6bf010c0-c7e4-4933-a358-0670cdd49467,914,64.88429063040066,34.02945125134198,0.8376351447571317,False
22091642-942a-48fe-b8f0-79cfb424d513,aavo,23.27919431650069,13.104734334434609,94.43284765089668,False
d8fbb542-98b2-4b91-a516-52708eedaa1a,96,30.323405806009674,78.04404371795613,93.38860345453554,False
b27524e2-566a-4edd-8136-788131e800c8,ufys,22.378449708046,12.688314604149154,89.95231063982881,True
17670e92-25b6-485a-aa52-f2a02b4b833a,256,29.89653115082476,12.032929084038834,20.010783784587048,True
28568d41-65ff-4c5b-bdad-408f30febe66,423,83.29385194833462,37.068079565800986,26.04886847079795,True
f1183990-6e94-4785-9d9e-0d33d6ac854c,577,50.564440463146,98.61259405311364,0.5453008483308541,True
e9f2e1b2-99bd-4719-8d12-0da6c3f07751,330,70.13133166291738,1.984210653878926,70.85794945307255,True
ff5b11e8-2865-44e7-b294-4022c03cbed7,584,31.852599326264556,60.8343214187841,72.7958722110442,True
4bd09e25-394c-4915-8d51-1bc981737f43,346,42.08451282341044,48.58032344411335,25.01601719343484,False
13b728e1-d901-4e50-a83e-d97d73cff8f1,841,73.67151713598594,71.1210022906962,48.15144700257857,True
d79f6e21-547e-45bc-b79e-4d35cd28f85a,446,42.472623851419456,19.441415043426336,44.52303561813152,False
4404b2c1-593d-4087-9a00-7262271b43c8,82,7.898798557655951,13.747936148976835,68.73255538998649,False
ae802309-e6ae-4a0e-9d45-283c2434ec1a,51,38.2188531021335,78.6594752072621,89.08313046473708,True
7fd1d3ca-b97b-4493-8bc4-1151f7906ade,303,11.507284143147343,62.47693086396201,64.44610559657826,False
ecced420-7fc9-4782-b731-cebb550d6132,fues,64.38126293273292,93.91770977014396,76.79578269892188,True
10f176c1-aa56-4816-8c09-494232b12dde,837,21.12861486598344,66.33609122897937,80.05612458204772,True
301b952f-1cac-43bc-ab1d-427a857b53bb,696,52.441687267770895,57.967081830067066,38.796802402659125,False
ee16bab1-44e1-4900-843a-ba9e1fa0fce2,178,65.15291867028115,83.3018542843809,66.98955816560118,True
f9b4f9df-beca-4af6-bf3b-d91b2ed4fb01,xhuu,98.44054408038583,68.61542115165253,80.03263540425259,False
58377cbb-6aa3-4fd9-a0c9-acd1b1eb0428,227,83.91144677226603,10.020144756690874,68.19930191061617,False
aed3c436-3598-46a5-a21d-5707e42821d5,346,10.820525712768248,79.81041717646421,19.49011835650586,True
1175fa3d-1242-494e-9584-4fc80743523b,554,11.953970583562556,67.23066105599581,14.8215358295799,True
59d6ea76-febe-4b4f-bf67-b9bcd91a56e5,187,38.900545375535664,97.46628809699496,33.49292719306306,True
4a7c463a-fdbc-4d74-ab13-af82192edf00,oaoe,88.20983184321133,75.51365405804003,52.202191581036416,True
698d4243-d023-4331-b710-3e91486590a6,825,47.20577680933695,53.56383018562335,10.013553133210973,True
b0d29ba3-4337-4492-b13f-b168604d4dd1,719,68.89893068442493,69.69126548386852,55.46880875358272,False
31db2238-530f-44e1-bfbb-b5d3dc7659d8,402,44.46586196990792,15.972637309597438,32.908937213601185,True
1d4a8701-b0df-438b-ad27-4be2643ca5a6,vqyo,91.39434295204607,66.77168172614957,93.91122459608532,True
e6941626-3a16-4fdd-9aca-19557914f898,173,27.26220151117885,54.2776125866081,35.37533426242734,False
c76e6e6b-73d7-4940-941a-920d168bc649,334,40.85426678835341,6.928412638448378,17.037331845752345,False
574682f1-e802-4390-82f0-de03d1564f69,382,19.25140665843305,97.29464611606348,14.86162598800088,True
448fba35-f389-475e-ac52-571bb4e1640a,625,33.10524872438258,70.07112060093488,37.677003062205394,False
f6cbab69-db43-42ee-8f4f-35d731812ab0,92,45.76373768201757,45.76149848441701,33.37937585990579,False
0991a40c-d3f8-47cf-aae7-70a125bcfffa,638,15.248762486739642,2.2085856588716424,81.03437915210198,True
28fc614d-10bc-4f00-b1c4-6cd2c9f30814,805,73.5554406984505,19.69167906363329,96.16704397667785,False
aa3f836e-0d62-4e24-837b-de659f35902c,657,36.24752962583211,37.353430783485,3.082777954424043,False
5225e56e-b600-479a-829c-371f54e36391,689,90.88319280037965,15.977254821740503,71.27143740111848,False
79ef4111-04b0-45ef-8774-527494301823,vzAk,95.8797488306364,52.23990990519168,11.492190287848036,True
12a6a5b3-451e-456a-8527-e786535eb0ab,256,45.29751402911435,21.92077118788164,4.620037044689473,False
6da54580-d792-4250-944a-219927f8e456,383,38.84947657480986,65.30520732589147,64.92069927381844,False
acc4ff09-16f1-463b-bd1d-a631c8272d29,lukq,99.2371039990157,51.26349361848644,85.53947462410483,False
507e2048-2c21-484f-a17f-d5fb5b0d270d,933,7.07890883391924,77.54159188786036,70.30692089116711,False
ccad5973-b5c1-452d-b6b7-d096199b4552,645,4.533296832349299,62.70141504632406,23.366502923444067,True
350c6570-3fc7-4c48-8ef6-4f37e1de8df3,393,80.61373170068048,17.170546715872426,42.26176962804643,True
e93fb692-4517-423c-a07c-07ce4d50740a,ryzj,92.98737945371548,75.78835809003172,67.47139135177817,False
de3d875b-97f1-4d74-9e6f-9d2f94a2e054,833,55.34404834610727,89.00095890575858,20.90971010697903,False
c5d6fdd1-7647-4522-bb03-089c4231c43e,279,58.82175168584498,92.25119325294663,93.98158450323028,True
bc95b576-94c1-40ee-83b9-efe8c5a7263a,249,64.21098750729925,45.48758095963555,20.236534212607427,False
9d76925c-2d8e-4eab-af73-b4e67d8e12f3,514,9.403480417759514,94.35936267572484,25.771858546550742,False
bbb86e8a-5ddb-4a2b-a054-12f65c77d32f,238,49.5229695379492,81.08895620114987,76.2702985792988,True
88268f7c-1156-41bd-858f-5c1b26955693,823,37.76068781623064,87.10416089194953,45.382714362545016,False
0318bea8-c0ff-43d3-8385-7015c48de66a,393,99.6451001650668,79.1900774939311,98.15141432649676,True
1c52eddd-5bf2-44f7-be3b-e1b559334062,743,7.561231023424919,35.24963784441185,18.556796864155743,True
adc18d70-96e3-4dca-98bf-79f1845506de,pcmj,33.522942967738686,42.04757194568786,47.96195657587505,False
a57db3ab-0d8f-428f-bc00-e1cad584824d,548,96.30995383118652,1.128588018417409,83.57101773880059,True
0e152f49-c34d-4b7c-9b7c-5097c45a79e0,qmbd,50.99563291091519,66.25923487428383,61.20412708089437,False
60733a35-1bd2-4105-b30b-e13a57eeedc8,407,25.11347043452873,62.953311555477065,64.84879932862103,True
2016c211-82cd-4578-ad5b-53013bf52800,454,31.148203011958543,59.51819782481921,95.96017155047268,True
7da01f20-a160-4fd8-8437-97ff4399d271,fyiy,89.78224456099466,11.675736080512545,97.12273698557443,True
41e2f952-4224-4c28-8fa5-dac5117f9ad0,63,65.99978593512165,69.86045202594144,96.03826225983796,True
79244f22-f480-428a-a2d7-5230f73971d4,778,48.69856211945349,47.45895457374102,55.22324681484966,True
820d8484-5037-48ab-b4dd-4263c39a5e68,575,76.46026262774896,81.36546416789865,62.182476928110944,False
fba2a53a-50d5-4252-b024-973ebb3c6ec7,703,57.860448699768064,57.5291311696723,85.8804875349897,True
600580d9-5044-4bbf-baf6-4d7e771e2e09,429,98.47651747945602,46.79876578337775,12.291279992320217,False
6efc3285-4798-43ce-8a0a-241be91a0f4b,768,80.77700242385377,87.43694101397502,75.04463271324212,True
511e82ef-4ad4-4f7f-93ef-1fbfdcbf7d61,401,93.59753740160166,1.1019537322863426,88.07308336387266,True
2ede5f9f-6e48-4bea-8c08-50787e92f5eb,891,36.170033505779344,25.86950589585778,35.80319974336439,True
a833d764-ee79-4dd6-8b52-9bfc082dda00,kurr,1.9173760408775944,43.04345428735844,22.199059427975964,True
f21ad276-38c4-4e14-9835-b29eadd1504b,189,82.94073199284246,80.21859137712472,49.4861439368096,True
63caa4dc-1f7d-42cf-b1cb-a0ab1f404432,886,43.80413510762856,86.6019958085703,22.058289748540616,True
52a35dac-d55b-4e02-87df-429b1bfeaa98,871,69.84439740451282,1.8692250996860893,87.77984989688836,False
e16d4825-342b-4f38-8d68-5ab156c93aba,797,37.55810846923764,3.0687548410044063,96.47277408841138,True
44678f4a-6c25-45d2-a8ca-823b113fd40b,346,8.744815275491435,71.78573584472151,13.23361289371976,False
0ccf8859-b7be-42ed-b253-d1f9b1c4b22c,924,55.14447971864003,96.45913846977876,70.35503539787074,True
f6dfdaf2-6c95-4801-b823-dee4654bb459,831,1.34325790548826,60.31393713391855,80.13573584037326,True
de0ab499-0c2e-4753-ac88-f428b9c0b1e3,624,3.5562736368086267,99.32828912477908,97.53492751047474,False
2429ccea-1cd6-4513-9eae-23dd2e3ded9e,378,80.9538526162368,68.50857517743624,43.647097554844486,False
f7519155-60fc-4df3-b3f8-692988bc4771,112,44.954622731954096,56.06416500732813,82.62476934095334,False
25229bf7-e3cd-49ad-bf64-54656b4810a8,yVwR,75.89034727726535,19.989952591711013,20.93540616365478,True
91d39df0-5862-4c0b-8695-842c7424b729,721,77.21691627297713,31.6751554132115,23.93973195936712,False
49bbf4bd-cd7a-4b0e-8532-3a9cd57aee0b,367,83.5621900331473,86.86047698576428,30.573860539597675,False
e124dab5-b0e5-49ac-947b-80af88d3d73e,402,13.398511034547411,68.73597750029275,90.2380757179327,True
0746a541-9670-4b54-a828-38d675c3db6f,vykz,75.98348957563607,85.34620799795194,62.7840472463976,False
eaba14af-f6ae-4b29-ae74-e799fa743b47,945,43.00317840951829,18.45136091259196,39.952265080641446,False
557e49ab-85f9-456b-b26a-b81bb50fb819,582,13.143717601480065,98.51105992224969,23.402934709029623,False
8e74da82-25f8-4eb1-a482-eb585d966938,VOcj,44.768743434790046,47.46157822804107,93.3561122552883,False
2ce99c2a-c9b4-4209-a4ec-97eb1962ce2b,290,69.8575281921647,16.32638199695766,12.701845065162354,True
9ddcf178-9965-4098-a333-c587241f5aea,979,46.58074319858605,88.34716975204503,34.41936613281366,True
b5836ebc-415b-4ecf-b427-9bc97de7c756,519,78.76412953106377,3.9324968142852015,96.10233060427424,False
c7b3fd75-8a54-4c9a-81cc-bcbd7804839c,536,55.4125840172107,70.49183169002873,98.99285785914572,True
b32daa41-b02c-4e9a-9018-6246b873cb89,398,14.175300158900717,31.96964980967441,51.22801841480688,False
ea49f003-c1ff-4624-8b0f-14d3ade60d8a,815,42.85773639433212,20.394098407593585,63.04464995667058,False
0aa8deb6-7a7b-4ef3-bc2a-5fd0238790cc,121,46.37969041080798,78.11180444651905,34.82172615272797,False
38e50469-49eb-4f6e-81a5-d0ff30ff852f,27,14.962226633047626,91.92801501956832,41.84322362415516,True
512b573a-44c8-43cf-9284-87478d4dec14,126,35.05028658896781,13.57176301866464,55.7777564256096,True
a7205172-350e-458b-9b80-3e8acd322f78,vwkb,49.18551885822499,66.28690139388547,77.78776108396781,True
4918da46-07fd-417d-b889-a4ff58d13842,291,81.21202532425818,60.21481770643925,59.24248903388237,False
204f9f96-4f48-4d10-9d58-630ee99e663c,691,52.93288827589324,66.60123099930496,38.75138372333965,True
be02a303-67e6-43cf-9ce6-8c33a3d2c427,pnay,84.37617860150223,64.53170213440089,79.01207697968368,True
8778eaea-766a-4313-a2c0-2128491f32be,291,66.50855619397585,90.17495384421925,92.72569201942724,True
56cf5fe9-495b-498b-b227-22df50c6171f,318,16.601909512298395,7.222284342508212,12.616525406260182,True
b72bad1d-06a5-4ded-b016-a6d274287504,214,46.16217896831383,6.25887732894268,45.99990229132391,False
ebccbf83-9ca3-461d-bb58-ee137c3432be,839,17.672879302403278,95.58909672034255,22.31678955270756,False
77b6072a-4704-433a-851f-6c7550e289fb,793,30.705100348164805,66.55821285825472,24.09674202101796,False
f0184a29-262f-4931-a4c3-999a96b921e5,783,7.089125808632469,37.76256267137264,36.74845041908482,True
b246ec9f-d26a-420b-81db-f9d90b831271,trny,15.195656577390848,36.34778121798856,19.925804739106724,True
bc34f386-440d-48f6-a65e-b5cc8532e362,60,39.041926917609885,13.128769472793344,29.6179680772235,False
e229a5aa-3948-48c5-b1ab-8c5461841451,964,42.93283744828581,66.57552582838778,91.09033847894528,False
4e55039e-1349-4b89-9d7e-43f1e654905f,988,53.06738437509431,48.43757935862819,25.89305719358831,False
136046b3-24d5-40fd-b9d6-47ba8e8fb546,783,60.77763241765643,10.9007751868498,40.95661477617926,False
d70270f1-2adb-4512-aaea-bc457cef254f,bdvk,42.46182145165337,88.53637462593717,29.731254650055934,True
c45d2059-7cec-4d67-a3e4-da3ff6e69845,845,87.3994017934377,38.102283987624375,18.86513478927626,True
ecd19eec-b4dc-460f-8ccb-634003e4543b,307,2.228926032770717,34.98663528770511,94.34287030754454,False
000fbd5a-2365-4d9e-b15c-b8dbd2ccc26e,524,25.541031628979983,93.48009481605013,60.807001308254925,True
9525d947-d132-4c27-bf56-d4503bf1eb38,546,18.119728387153632,82.20611118345815,63.34552686930643,True
f2910532-5dcd-4252-bbc3-ed73001dbe15,105,40.963211929977646,61.39371787790654,60.04045546247841,False
fd82cd9f-2033-43dc-b041-fb8dc7c61f7c,539,52.10291288368551,91.94790719430254,10.058303589547137,False
d7c5dd98-4a28-4114-823e-4916cca85693,541,21.405113444473155,66.7951341255625,76.73783274363667,False
25a95af1-3691-42b2-87c7-20acc987a8ca,279,90.34572945563724,94.66301759962302,75.68326776307501,True
2efa3513-5fae-4b72-b405-0e45c18b6991,519,95.30930590264217,66.50364156931963,17.914446799722082,True
f9731208-e724-48fe-95d2-9559ded9fe8f,519,50.70660601535332,75.79646831446854,55.434497819517205,False
66a7be94-456c-4d93-8321-f57fd6d9bd18,801,84.23314405446546,93.84900596535596,74.27916201795674,True
8451062b-1de1-4a50-b213-4587b838de4d,oguz,0.1704584471906911,82.41457760294676,36.88046289668792,False
2b184dc3-3760-452b-a3a4-04692c069aad,77,15.2079549576275,76.95177407444005,64.23880630135112,True
1a7e7d86-f7b0-4cc1-bbd1-520ec819d0bf,376,20.99333929446849,69.0751789391033,35.85586845661335,False
8096e94a-50bc-4571-aab3-efa08adbc6fd,21,60.14590950048634,25.317789850871296,48.19392637368223,False
3efd2179-135e-43ec-804c-d352a50aa0ce,772,88.46948785961325,89.89342894663126,10.050729162781124,True
452efa56-edf2-40dd-bed6-2d37394b6c5f,378,21.929778395315203,15.605968873907782,55.51697749777049,False
cd4b4365-308c-4e0c-b04b-44baa81c03d3,985,99.5550066672105,85.77686891841617,21.01916605879489,True
a133f36e-06ad-40cf-bfaa-e1b9def5f93e,svhk,46.552408141409295,90.31427730698692,39.43776304606364,False
870e8d72-decd-438d-8707-0244922b25d4,15,9.763366509994109,98.88776941482176,74.99838155255823,True
ef6816a7-1a84-46b8-be0e-d4c9cd9979bb,552,54.451598379772925,39.294988094503125,64.02542924501651,False
4722ef6f-fa9e-4c2e-bf4e-534b200abea6,rkNg,90.96695391547968,95.16917491177917,14.918796459295423,True
1010068f-948b-425e-b1bd-4c6c1460dc06,226,8.327869844918478,12.881646223706833,23.11269680560778,True
69678415-75fd-4afd-a6e9-86f692bdbecb,182,1.185321809576645,85.33772850452719,99.23040582521128,False
4e7675e0-2333-49c9-a757-ac594b771af5,66,54.08949339931328,56.16378763168568,42.0630956417651,True
4953a5fb-1fd1-4da4-8073-28193888f3ab,254,63.95437106363716,44.56170736760031,29.33689957005921,True
7ba1afb6-5a78-4c1f-a947-3ec371713777,853,6.2528797529517455,51.33127045448317,62.413952244272906,False
ec52b375-989e-4a23-a53b-73f7bc4b8abd,471,17.250121580915923,62.71830688082112,61.39783983830874,True
42aeb681-dfde-4f2b-ad02-73fc6b4b197e,244,36.302430525861965,64.25771100943481,11.467013182349362,False
48175462-482c-4af4-a51a-e55fa7a18835,4,73.95457207681562,18.30642665433477,91.20924295351206,False
30e8caff-8b8c-4265-bfb4-416d4be53c2f,32,57.01147752530756,46.385989329452535,61.17249357948581,True
e64f5cc4-931c-4c38-a2d2-ac296c920009,88,19.220021411138944,52.6117755939717,98.2124022894905,False
98a037d4-dca2-486c-8046-ef7a5dbb0be7,151,70.92912659308044,53.02255424018796,92.30276353975891,False
08356263-2bcb-4da9-9a5b-0508fbd14a7c,920,69.9857950428682,99.86550048392972,18.268389582596168,False
7e21b403-a6fc-4ea2-86a4-673ea4776229,835,84.96484225003978,62.1824636594075,71.52204962657765,False
124006ad-b5e6-42ff-9c7e-a7252dc29aae,39,24.710160252974312,75.43288797169329,46.08561360318942,True
8324e122-5ba2-4be2-bfa9-2d39f06c237d,983,95.24353538032705,62.525135774118425,7.606559805825508,True
799695c1-0c3e-4909-b87c-d2077a22b6fe,563,36.95974395532795,63.63718635536819,67.96818047097972,False
2a847bde-d9ef-4026-8381-4174a5a8f62b,lmmb,12.239412980108666,9.358001311957963,18.78619000741701,True
274e7343-7af9-4151-8cc0-72f83277cabb,197,24.209923565839752,68.66613266591159,89.94714330679483,False
36640155-8827-49f6-9101-2f8d7baa4779,501,40.6766868026557,19.147111169684266,64.19128588478158,False
b6cc84c9-46af-4e44-9396-a52e393d9aec,jgma,93.14794631542426,43.37665365156697,64.83372602717064,True
341e080b-b607-4163-812a-5cfdb7cd667e,60,93.0192186614712,82.09791289106234,4.71537702674556,False
ad2eaa9c-ba33-468b-98db-fb1c67756980,axzh,39.25955342000398,28.24572706545858,91.13198376992058,True
0615f4e4-a3b5-4de1-b1a6-8f97e4ccee93,950,23.10155898498374,65.53870814045895,30.29302456615708,False
c85b46b3-d972-410d-a40c-a6f75b6faac5,msha,6.446091424330181,65.98440789814161,97.30542766256048,False
30373a59-8d48-4dd6-a434-f190834caca5,755,3.9629074940391473,81.16805558297206,51.54702999745994,False
7dc46b44-feeb-4624-b0d5-d8643d828390,272,54.10665157218119,30.04567840050373,13.505274924338108,True
47a2d8bb-1540-40ee-8e0f-8a52602596b2,wpmh,2.404427762235961,38.38595759907874,65.28000538588633,True
9c8d45a3-a9ee-482b-97f6-b59be697a881,958,21.848342167758062,69.2951513549741,30.45065649287112,True
c2068ef0-b50a-4e9b-81f1-6e0028235003,,3.8480402097648914,23.3337959094731,40.01169318358647,True
0a2d1f22-4071-40a2-9fc8-285f2c088ea5,213,71.8208734232412,54.85463293934977,18.42599726330225,False
54022ffc-4266-4111-bfef-b02cd780b2cc,wbqs,35.19484765113392,32.94073943062571,55.133608409773295,False
9ae7795b-e468-4d07-8807-528f67c8c4e4,294,80.01771547534638,27.390283203871512,67.35108488056794,False
61b26f06-2eec-4f44-8dfa-db5e7edef046,32,19.463086749187564,58.04353966320329,46.485041538479045,True
ae903377-8c0a-46d2-b24b-39cf971f9e4f,njec,89.23233799999933,78.56149425597357,77.08691521251467,False
2974e934-4254-41f9-84ea-583d851c1201,393,81.01041811763346,86.15051841780887,75.92791594420079,True
e88c27fd-6226-40e1-bc58-82b4c6d8c346,501,69.08579411054248,64.65744835137612,89.27004091969654,False
563360ce-b2ae-4914-aa06-1288f89fee69,618,63.2264109040705,37.363138405621065,6.856870650542324,False
2765278f-ed22-477a-9166-46715f4c6dd9,904,49.47371110112289,88.17563558800086,83.03571583106842,True
1cff92c4-e824-40cb-aa58-74f9b8417fd9,911,91.93626061103964,10.581684416174852,72.89111621118181,False
1d3a2410-d1d3-4468-b965-6ce86188e5bd,290,73.57808692290723,8.858943611748483,1.0010720540882034,False
5981515d-64e7-4692-a8f6-026734be5b55,825,33.645099226585,90.00019838394209,9.548855847079729,True
9a135a6c-dcdc-49a3-9bc0-fda0f5978f21,114,31.467034249752267,85.30817109985014,60.401188163028806,True
8175d3ac-b959-414d-9bd7-bc6f69abf8f8,325,43.439975899362416,54.598636960315886,6.519399357229494,False
c5abcb4c-236c-40f7-a314-161898c0b4b4,rwhw,69.5306716347086,89.18782967721901,10.12219851076084,True
71125b39-9cb0-4968-b80a-e769004303ce,NhrP,63.13460198213456,44.669914431550325,51.569078065504335,True
812d2d2b-0b03-4c9d-a889-640252611bfd,692,74.9965711913242,53.16142906330021,71.99058003401296,False
f05240b2-539f-4beb-8bce-6f7caed6bc27,dozf,93.64756307340043,64.5314128626539,30.910890199632178,False
3a45a075-5495-4565-bac4-221aa44c1632,610,72.15685750940712,17.563416363607786,64.10757235979564,True
5ac2a234-84a2-4b21-8a00-3b13fbe3bb6c,280,65.96534902352819,37.49502983560748,26.488151528308546,False
ca20f923-9fa9-4981-a964-9409c318446a,tsvi,94.25521641846532,81.55447309669992,37.12997961141272,True
8a1471aa-e15f-406f-bb03-4959b762cca9,865,32.98228297224563,51.50205834995764,36.00891769612119,True
ab2bc30b-aa18-4cf2-b370-e7380670f486,896,14.351394947511409,0.8456661078375838,55.4228369364966,True
5d5c67dc-e52a-4cfa-8435-f6f40fd7eb90,516,67.95690374143228,17.64710455068115,62.1754674815808,False
84823752-c23e-4564-af02-f1e78eafb816,927,64.59981690128896,86.36034587009938,27.74468692441091,True
395478b9-4207-4cd6-ad51-5f13ae8068ae,419,86.60041495772467,84.60885314253387,92.3174561914624,True
f6c9ae8b-c282-4d1d-b06a-828b322f056b,288,57.45613857249321,54.04710152346175,6.92464022759367,True
6cea0176-828f-4681-84bd-e1d8c990e549,732,81.46986074422009,88.37603347621173,67.17198876644372,True
d6adaf68-d52e-4669-acd3-d2ee0387b024,797,91.71078572196832,88.11636177261732,97.35860990463053,False
4a04a936-ec0c-494a-ac0c-6341b861a4b4,330,12.910310253535794,25.566084910255515,72.54266726800496,True
7b2380d5-542d-4a73-9f31-ad701666feed,154,56.382838114305336,23.34589955491661,91.54203212712248,True
80ac8a8d-99e1-4629-80d7-8179bb27e717,563,53.78381575471431,52.4576785095928,18.89602631210533,True
e9a0493e-2c86-48df-9bdb-33369641343b,yxwz,70.97631117850064,1.262783559733749,67.66212247589358,False
eb0a1662-8307-4074-8e8e-1a0ea561f92f,594,14.553079848057282,15.958694219283732,80.34832379822299,True
d39fcded-bd6f-4ce2-986d-31640946fbc0,464,23.99750211421729,44.16771269719492,37.31974704729768,True
61aa1c1d-388a-4b49-afbc-62fac0cbb727,646,0.9839282759985356,82.44494527270703,62.34612891940973,False
f23d0950-1aa7-4936-b57d-063a01c8e94b,jelc,24.25455564076873,98.96043143037474,75.83592406177412,False
0bbc6b78-e643-4db2-85ee-1e1f459f056c,44,35.87597825045076,10.778216133899242,70.24735652553754,False
a01b374b-75f9-42aa-91cb-eddeafd38c5f,415,52.85506591511084,34.47318645932014,51.43924502556789,False
2ffe4e2b-247f-4bdf-b11c-c1af92ad13d5,mbkw,50.78334567061104,24.915551617791497,17.10886070419606,True
94227e2b-c972-44b6-a3ef-053ac678a55a,heqo,83.1629604811363,63.964490334139576,25.44529379727819,False
73821440-dff6-424c-a974-9822454a8dfa,49,1.637786464984936,17.95395808522544,68.38418529447083,True
bcf15d72-419d-4ca9-9e3e-5a473e5d444d,349,69.47101536377444,88.09799750268321,10.977878188855415,True
0c32b44d-9a88-4a63-b7cd-18d50268495a,387,4.664848445972614,51.43288975155951,50.67835941980873,False
3d849639-14b9-485c-ba47-b4b607c0e2f7,595,30.21922575771272,47.17030903757741,91.8326363865568,True
6a8d852f-4d0a-4877-9e85-210ba739cb8f,220,19.51806502011224,12.598332032372427,56.61650566605117,True
f45d8d54-b502-474f-913f-9e46e94dbd97,603,62.34589313365254,43.36753910774728,84.24910172585292,False
e891b257-4037-42c1-97e9-55fc43bbc8f6,mioM,30.698749561343863,82.09887603151014,78.88623777098289,True
5425a74a-38fd-4afb-a2c2-67801bd6720b,ibpv,5.554700488979892,60.07170396097096,41.03135632166877,False
c2a22405-b058-408c-ae3c-d1aa60f5da33,933,95.52657368072563,6.792876655988323,14.546134330220196,False
8acd6862-a4cf-4971-866c-924d80f2d965,484,97.27586130249888,29.0442012763404,86.98846364614465,False
4b12aedc-512d-485c-88a1-f14e69241cec,,77.16887055700622,93.92461807772963,91.96767575531548,True
229cdd6a-151e-42ad-818d-da014a4214ca,161,58.42012574899695,84.70246839351653,86.23537957682123,False
c03f1928-3e3f-4089-a59f-c48bd645ae66,650,56.30450232861541,25.713568762902494,22.559592390470783,True
d0eb07f7-a505-4f9b-972c-fd0e3d621901,948,20.77243958529368,51.4972568749158,66.94956502221925,True
588a0ddb-7092-4cfa-b501-a6294d802358,973,28.465812245939382,84.40759198564905,74.12480950993708,True
f5be86a1-5d1d-4f31-b1b4-77d926bf372a,281,77.6933382824229,23.7592059890668,66.41855966006379,False
a2eee1fb-2100-406b-a4ba-c31618fb0f9f,451,80.69888772270049,20.77349274814837,48.45609347449688,True
f61c431f-99f7-4a2e-b916-d3c0ee45effb,506,21.58888958117946,64.51173027766679,58.70628291328155,True
1420289d-034c-4b7c-9cb3-2fe0b60371af,gzwl,2.6500520199079336,6.710632876759259,96.44536512632888,False
38210487-2ce0-44c9-9032-70c8d7411a88,400,20.357265235994515,5.602057917469361,30.201820156422688,True
c156d0cc-473e-44ed-8d8c-c28aef305f38,774,4.906055656392693,79.82975574617981,78.80648477172363,False
e868b2a9-7fb5-4fa0-80b2-ff33f4474433,324,5.777587046268784,82.17095462672408,19.132336964295128,True
6c457bdf-6f19-402b-abf6-90d01d780591,364,42.76632006478423,72.68708609578522,39.070515416600514,True
308498c1-b664-4f1b-a075-98de3deb376e,663,76.86485756058444,34.67436716541964,45.4353779724729,True
848545b3-cc45-41aa-9918-6424a1685aef,897,11.751782877773786,68.54549648847019,15.530947773710269,True
ac4d5fc7-b326-4897-8fbd-818d9bdc9aa6,879,91.40754606331824,29.51261149871273,67.98875748630992,False
376e2544-9c60-4a3b-a913-985784e77453,626,67.61606776750165,19.743422473878255,66.58687520123104,False
4a39c8ae-35d0-4dcf-b2dd-ded8883ac11b,180,86.4851762836704,20.225432152242902,32.74232598806248,False
72affcdb-74c0-427e-84b7-d0e0b44e1341,834,65.38533493135796,58.635770902611405,90.7118530635777,False
014765ca-632d-4df1-93c8-8bca1015cac7,667,63.115360381297535,30.975946662062604,91.05822124340784,False
b7260044-649d-4740-bd9a-43162bf1b6a3,648,93.21350204854916,61.96972629547479,75.91981638004788,True
87099830-6034-40a8-8479-12aa5b5b2b67,220,94.22317592460932,67.95529440014396,72.0202986201986,True
cad18f82-a941-4e9a-bf86-1bf4904b3edb,833,70.42748332947617,33.85058802501274,86.7015644992412,True
9fd987bb-9c87-4cee-9198-1091cbca3769,923,78.04935951184551,53.58952548430015,24.85287929828447,False
e10f6ab1-e069-4839-a045-a6cc7f23d7e8,878,6.82004733369036,60.369533879891534,38.13184595039792,False
50fbb1c9-7a83-4ff4-ace7-d830db92bed0,316,65.79122339763157,6.916957283860903,85.04977313032802,False
214b4212-b678-4652-a42a-83989d9bcc03,707,25.26353606067582,9.240961030600404,85.54722494206254,True
3da42b76-1e48-429f-bcc0-a1cd40bb008e,748,86.55795867859665,54.07543855862408,39.23512238043596,True
e755c08e-3996-4240-afca-7bdccbb8ba35,yepf,79.10390535647286,18.900305340033253,85.27003139659283,False
d4aba992-ac9d-4a24-a2aa-deb01748550f,475,97.7075082742954,63.83149590771141,66.50694597411776,False
19211b8f-7bd5-4792-9681-797b317cd96f,152,95.7708313476655,39.36599796375175,87.31616496807214,True
ec03fed5-53d7-4912-8deb-5ace4db71e03,447,79.40352007672408,44.73503597225906,58.75953478303004,True
9cc0b51a-de02-4add-afee-25f5dd640475,678,48.91361422352981,95.10288427145514,13.8569666693958,False
1d12f821-5df5-49f8-a829-937bfc8d77b1,765,53.6474693928901,10.09202568647326,47.28574539737826,True
904c736b-09aa-4867-8794-b51f8b577aef,6,61.32435899608745,62.780178601152095,15.488099410529632,False
2883d9ff-0ca1-40bd-bb6b-3e786d596231,tuhw,57.41404440429112,18.252817978580016,71.61034358257645,False
e5519b97-ed1c-4d84-8c9f-682d415b0c92,95,9.150485147265908,83.3337091127778,29.1625998115294,True
9db5fdb6-916f-44cd-a9a3-08c60fcd94a8,967,21.860158623850374,69.81939945186753,11.024159922541,False
fab9bacc-7506-45de-97fb-cf5290de33c2,362,14.133763723918191,15.777849433621585,57.646855234999485,False
c5c8d9d7-7510-4d8f-8ab5-1524bd349e23,968,38.509499807813775,50.14181131418572,38.32134099064351,True
1ed0f413-f8d6-4c65-9995-34d1e73f17ca,535,24.584622694464308,81.28286532628721,18.293439786700084,True
d616e018-771d-4a15-9417-deb1397c0bb3,789,56.36947397932784,91.1095570643496,64.96574492033051,True
e68d368f-8558-4414-bfac-dce8c7c65ded,228,40.15335377965008,90.88104653255571,70.40083520081478,False
020faf7f-ebd9-4e41-abfe-6e946e38d537,pupu,20.17890558613028,57.71141124666228,95.3858861161968,False
dd0e6810-42f7-4591-8391-a31853d508ac,260,32.15461129840477,23.698010272237056,74.3359065504815,False
85fddb44-fd62-4365-871f-08ba6f2acc61,664,4.7348040799834905,12.153908032031444,31.00869819362504,True
7256bda4-6ed5-4128-bff0-a7ed1ccf52aa,455,84.33590782213062,83.71194231776506,63.37828948638526,False
bce66e17-5d40-4afe-8077-77532280e63e,434,47.98875329939422,46.69690047130318,12.21544131654092,True
832f3c47-d6ab-4565-9e41-fc389496b40f,379,71.22242639039507,75.04477145020229,33.24983031023569,False
cc46510e-19e0-4eeb-8079-75352d3e1f66,xbcq,7.823832291473264,85.82733685050995,76.1806839429778,True
13c0cc9a-e7ff-459a-8ea9-8aa8db0f4ff0,11,82.78329487310609,32.01743089250839,51.158507658336674,True
0f255e17-4c18-4e5c-86a4-e134ef3bdd0f,899,60.7099858081504,52.56248532154903,17.007187816148395,True
f89f3b8e-7c96-4f5a-bd2b-4d31bdd4e13e,15,36.552049205466965,75.55171442616872,57.11713905887083,True
81208e64-7618-4fba-97a4-db3c7dc4a16c,qbqJ,95.68220945785885,51.98529577803063,60.326199286312445,False
0fbdc22f-d31f-4a99-9252-4151ef5b5ef8,318,96.37054328823314,87.57100093019359,84.63334238422566,True
90255b97-18a7-4da7-ab2f-f22ac58eaa54,135,46.73619756522841,30.9650949362874,39.26561803195315,False
f06f9f9a-7461-4320-b907-a1f27a89e23f,122,74.90108186281705,21.88811004086516,28.553044328226164,True
add80c87-ab47-4bf8-a4a7-c607d8ec03c2,983,6.296320104087128,49.14712299101749,67.52618287607226,True
a8717b61-3bd8-464c-967b-34f7b786db8c,wamf,81.71460606161357,61.51418001253255,2.1986126477739454,True
a8caff6d-8919-4ab4-82fa-3b296a98af07,326,9.489533816992456,33.719546738601494,60.83765706218467,False
9818937d-4782-4b72-88ec-12fc8fe51311,659,73.78148334271991,81.17261604845571,28.96245604627018,False
becbfa77-737a-4c53-9e74-0ff916f98369,119,60.37505240590964,87.87203243055305,48.39382061561162,True
7b8c75d3-a6f9-4ce1-afa4-fed124ec8b0b,123,67.12042986928142,68.44775192142708,64.05003628478096,False
ece90852-9178-469c-9aef-9822c67b1a16,821,14.033387805305177,57.147318710154224,9.460639180491516,True
27c8b823-3c98-431f-b289-5452cd029f82,979,89.33069647233332,45.06964437110121,33.923381266297866,True
88f6a0df-9a8b-4d84-bf87-87c18534780a,954,4.63045832274881,7.360582428948148,24.622964281509585,False
b1b1a32a-ed31-4df3-a507-b771bbf27f7e,371,80.7296430481582,5.14087372650579,22.70956909752481,True
aa94ffd6-9dca-4936-9f73-eb7ce0d32bf9,936,74.18415678435848,74.88361967287301,57.68572008173805,False
7ea70e34-f8ad-4096-99d7-923f188a66e8,797,18.319186641076247,23.40954446064827,22.06312728487987,False
79b441ea-d6b3-4d0a-a716-2d0491e21cc7,56,34.13353338892209,70.6917168020334,10.411295553032415,True
c7f71dde-d196-404b-b972-e8faf91a333f,meFp,96.11785631906932,53.83665359516182,18.486379790789886,True
4883e504-bdd1-4088-ae79-47b1fe31fc37,369,11.22832392292703,95.8218494665321,21.85015544529472,False
f2dfaa35-ffcf-4b22-ab1d-86dd030a1d84,572,74.63230370080561,79.10572500401491,69.55026209502064,False
d5b0607c-052b-441e-abe2-d064e671d490,867,91.11682836960276,27.88471613222446,2.445990895015437,True
e1b616f8-ae71-401f-ac06-58e780cfed81,462,86.09331927586933,35.97440209281666,74.31773834833116,True
aaf1b59c-029f-4083-a8f9-95a3f8e5cea9,57,10.937569953503212,73.17126056108913,95.14718773743654,True
919d2429-57cc-4883-9720-a0731b456c11,255,37.99914721728212,41.24250243331047,40.72162616404997,False
5726c21e-3272-40fc-b1b2-2560add36050,201,37.36935387367084,82.9919940905582,58.53961654048897,True
ba360395-4118-49ef-bc41-65abc77dce38,264,26.21313497324622,99.4204688662616,25.67845273533164,True
c24b051a-8bec-4026-8b56-4e8a9abaf0b6,328,90.43402559381336,98.741736404731,96.54507758835356,False
9c634d34-2c86-4327-9ed7-7ad004b08a35,9,33.728624539796435,9.625774204928296,41.50881275012222,True
53af698a-19bc-40ae-b153-4ea3311aa085,230,56.007135522270936,30.623172103108494,21.490615654044987,False
115ba989-2870-414b-9ad0-036691ad4d36,415,67.73792605529214,38.013807757346086,79.89956020892257,True
c024011a-22bc-49f0-b449-b8836bcc2b8c,683,35.13425123224838,93.40907605608557,13.92779622391015,False
983cc130-9c53-4c22-8a33-c949d56c9543,149,2.4855228713615563,43.66706031207722,5.87549128447018,True
8ea9c673-56d0-4405-820f-b4d73b1051f7,847,89.00862538882951,95.5607114682711,42.91425169924712,False
b3b4cf3d-2dfd-48cf-be33-9a1456e9ec19,407,52.41931715596536,30.66556453618537,4.576111785635639,True
b764954b-e154-43bb-9112-34781ddcd96a,148,37.03276319779286,41.58279150056393,59.30975935072315,True
7149cdcf-b553-47ca-bbd2-0bbf36bb1c4b,452,30.495114599843063,66.08846142673667,64.87513945993594,False
49df525c-7c88-404a-8118-b43cefd0b1e7,vaaM,5.922363096166682,61.39115213663884,8.32390092018408,True
6f7f7014-bed9-44fa-b1ed-ffb8c2ba97f1,585,83.5891820175532,1.808815658854146,21.462623254315805,False
456f377a-0d03-4183-beb9-c752edc08e6d,495,73.60741403856845,62.08417568374897,16.253819773914845,True
aef5b234-b9ad-49b7-9aaa-3fb24963357a,gskf,39.967198519467615,60.6651849860493,44.737432620904,False
d2b2eac5-4641-4b28-a472-8962706afc29,wgrU,23.302212541497312,30.081786254125262,45.20655150506697,False
4cf9c816-b94a-4c39-a37e-30eae7de9cc4,rxuj,32.3638315742814,16.927834458516024,27.718997898210585,True
94ab73b6-7241-436f-909d-3060d8b4bd1d,835,88.19135161235316,19.824219722597736,39.13159444249249,False
e200ce53-e8a5-4684-bd33-fb361bcf11e1,28,63.928462975633046,83.08584802182887,76.50413562293748,True
dcf76842-3710-4871-abdc-12ce8f34a8a6,pxrR,83.24852683772554,47.24492655638245,65.2987457709474,True
df526608-460d-45bc-8909-e3538f530c61,dnfT,5.37486728306159,64.77714459070046,69.12223788402534,False
46c50af7-e03a-4311-a6c4-f918f48f0510,bEvj,26.5977258674181,64.55864103803177,66.17174328935957,True
16c276f2-e94c-4a1d-a010-944e6b02ee47,846,69.2935904947004,35.975695337331416,3.1248086710910283,True
097af116-ff0e-4c64-9254-8136c46d1374,800,35.85569899816804,69.21075479641475,13.152879746106228,True
21f0fae9-76f1-4698-a5fe-2a448c4bf325,915,79.45547531644344,15.879376526027825,88.628418088432,False
04e3e252-bde8-495a-b489-bced14d6a3e9,976,73.51267400509374,96.81077443771544,64.67261665816501,True
02f01225-aeaf-4579-9ee9-39aa965f7cdb,415,26.154932334541115,97.93095508800616,24.707060879828106,False
035c51ae-3284-4a8e-be16-1824891dab8d,259,20.41188570195416,26.527044856892545,10.809631306712388,True
5dd5547e-cf42-4427-8d3f-76e9cdfe4b56,692,29.14792138246656,25.34079997519154,24.62216592520817,True
ba9fbf46-f7ff-4c45-95ce-03032418b8fd,459,58.7297962839627,67.5247020187242,85.08757186067294,False
d748080d-4f11-46e1-b0d1-3710f2ae88e6,866,71.10061147805492,57.7634704328202,65.52338615647005,False
708fb4ba-0894-4aa2-be85-5c39be29d3c1,102,46.932323539336096,96.79362471766092,38.261939475035255,True
49973faf-79b5-4052-9176-b4591a3e1b2c,805,14.029111947994622,54.49726467168527,65.36129863159374,True
92c7710a-41ed-4c0c-8fa0-09ab3912bdd9,603,7.280734113798704,65.73638866335216,74.6767534606921,True
1eaddc31-001a-4d3f-be73-4883cb4c8e8e,notW,34.11566520012039,13.779313793732053,88.22140278854943,True
7b29e63d-f05e-4975-8e9e-dec53b8af211,647,64.01648179503678,51.3758877569286,85.06334784942547,False
ab2c8950-6109-4df4-96d7-3a26654d8a4e,88,70.8121431113439,99.01170245583764,99.39956671532416,False
6ca370d1-0209-4b78-8a18-f1de68967b87,481,43.65092849332619,91.16887572597852,62.599105586781626,False
8b30ac62-1a9d-4556-beac-e4fc14816075,690,1.6546350783280594,53.72072687602098,2.311783370133147,True
30eee00a-644c-4517-8ce0-9e85fc5e4b74,611,67.54373612087863,60.96602314318007,49.44993689083302,False
903c07da-3fd7-458e-acea-c3fb3ef861c4,487,15.399098316682348,91.0146809241875,12.90587454290064,True
e53a499a-c2bf-4052-9efd-112518e77b07,71,28.112145463280054,28.095836380446137,18.27727923079623,True
3b7c9510-168e-4508-9da4-734e420f6aa8,804,13.242748621808376,46.10548140393911,51.89107735913064,False
cfdc7865-0400-47ae-b94d-4212760143a5,943,51.478996237533735,56.91957505381815,4.967781490115907,True
e4513575-1025-42cf-8f98-67b8ff034ae3,586,42.08330382322527,42.24567016483947,31.246598174179677,False
c2e941b1-0fe9-4022-9ad9-027b35824d48,726,44.60267583634254,63.40330490555893,42.7468830884111,False
bb64f03f-d168-48b7-9445-304862e4cc83,295,74.53901721567796,12.498273202147605,71.3321239433961,False
a8532e5e-fdc3-45ea-adea-43a04abf84d4,854,93.65664501354716,92.386424248897,12.89389034163626,True
2c2b449b-698b-4d75-a948-63d2ec4699ea,366,10.848116477392932,36.14182052061926,41.943783656176926,True
16947d5f-1d88-4321-94ec-e7d3173582f7,520,93.86056468229388,5.159016870867861,33.53141032870974,False
1000b7bd-4449-447e-82d3-b48e80030552,KjEy,52.94181511471295,44.5762723412734,96.03009167019236,False
07afbd32-80df-4940-84b5-fd0e303f681d,585,20.561996868184107,92.63345213773172,30.51242761644879,True
75a4d93e-5323-459c-bf83-a8d2317a00fa,uegg,31.683927710254032,97.14200659847016,92.30501245373875,True
3e4f7f83-64b7-4618-93f7-d08c30404cbe,927,36.54863926427535,73.08213651382921,17.403471330702192,True
d313eda3-d302-4ef8-930b-de91182473be,11,87.0781213416004,71.28864161689356,8.720113537176688,False
7d645cda-a6e3-4d25-ad3f-f734720797a4,vthn,1.5375867221823047,90.76130313708197,36.67312241193896,True
f96dcbb0-b1d9-4350-98d3-7d1822322e9c,ryMm,17.804767895067286,5.946360439580811,41.88469253050301,False
36b40c2e-8ae9-4724-8201-396a93e26855,436,39.00198319020245,37.33114938013421,84.90930002215157,True
497049c0-a0f6-4e7e-82e9-ed09fd0e10f5,686,17.790237937919716,86.7762410957853,51.93410040581412,True
57e00347-b4ab-4682-a978-11e1e10225cf,668,65.90445528336781,65.47872781665559,40.82840874917603,False
b2698d59-f655-4109-a9e6-16b865b746ae,163,49.22559774971504,39.87877089653902,70.54010281544582,False
2ede8c2a-67d7-4dfd-b8e8-3a6d5e2226d3,860,93.2971760439796,3.8457472010587246,44.4323724512238,True
ae4c6e3a-2966-4690-b71a-d6e93b38b2a6,817,61.65769915349223,57.04668673342228,86.11668025179814,True
c63237ed-c49c-42f2-ae28-7191d35f5d28,156,40.95195685077368,46.98537670997677,16.144889458688517,False
9fa914fb-ceb2-4e73-bf3d-3926b197d8ba,308,25.772739538620883,95.52774688574704,26.91845292786221,False
17a4dac1-cfff-413d-bd16-1059ee8a857e,hxqw,17.649780611010158,92.24455382708857,11.793779667214087,True
3b12e978-7ed3-48ae-b560-1846cc6e2481,608,19.23726821258249,54.86772224580145,83.1544930255466,True
42250e4d-fb62-4a9d-b3f1-884d129d07d1,hqeq,34.43676729871409,95.06817621050196,38.50343276971581,True
6cf6e9f9-43a5-49fd-a9e8-221b95637fda,428,86.67254838139392,28.15818847373336,73.80414160946601,False
2d02894a-0df5-49bc-b2ed-9fee29e10b58,1,32.341809322077054,51.362809839035904,96.20088837882494,True
f19daeba-3ce6-4dcb-b8d9-e14e1a6d905a,208,24.09923909174236,81.27383800991853,50.84427478859258,True
6d3d6c1c-9d01-44eb-b297-86d945f8345e,uolz,99.69605987297324,35.92655888352261,39.77596924963998,False
60bfb4c3-e42d-410b-940b-f8a510db5d99,737,86.27875434973551,75.67932327031197,57.67142698412766,True
658fab5b-873f-4530-bbb1-67bf0439e69b,155,55.84543529509556,3.5563908951997347,73.81393051441364,True
adfb51d5-068c-49da-9835-dcfdf5df2160,zFuw,70.10210486741974,64.78957103751652,2.333968436604761,True
e1353d65-50f0-4550-adcd-84f117b390f0,652,51.90025471761406,36.8823878809137,82.09797164026574,False
192896ce-096b-4225-8a5b-98264dcd9e71,etdw,82.78448875776812,18.30331681901649,66.34952883997073,False
27b05a27-6134-4676-b11f-5aa716963156,fhct,40.45507520700483,7.31620594664485,39.91720371188007,False
d257aa2f-cdba-44bf-8f33-37d93fc505a4,164,69.37230146481016,72.26353046401302,40.026261053547664,True
6ab4840e-d4c1-4817-b20f-4d86797fe289,130,75.60662674205977,40.05536214203214,48.840830170013405,False
e7093d71-0d38-4100-a053-09c0c98964c6,cbLl,90.90663199382672,92.38835632281412,22.756981383933585,True
4d24714b-1378-42c4-a548-cf11a628b859,119,69.32748893040454,52.17513433776123,48.98972437810136,True
c2c05dbd-be72-4b84-a968-a4bf2b2e88c7,412,44.061048343386986,75.7538325736536,81.42425555319186,True
933409b3-bbd1-4436-97f0-3926738b141e,mkdx,23.04674961952422,1.9156393492038792,65.34273955734336,True
94f015fa-e66c-47ed-bf15-87e05ce0c9ef,44,5.739577746812596,42.94279141691,23.38813579676119,False
2ac1c762-0501-4c6a-bbc2-f7304769d2c5,530,65.52226420406646,98.77446910303333,57.13514983521849,False
585694c9-e6af-45dc-b1e9-7684195282e4,479,3.82040340926082,76.43133819604027,43.77386108018948,True
c6276d91-c73b-4149-ace1-088df11a4832,749,91.5422788260218,66.09148187272085,79.8673855907834,True
fb8b2bc4-dd4e-4d7f-8993-a76a34c0b3cc,561,91.56556696402168,11.569041166299977,25.282222308364165,True
8ef36b6c-5a27-4997-b1f0-5ecae64bc83f,613,4.626315747034893,74.08753346801853,96.44897742491052,True
fa6c7255-f2f4-4c6f-8fa7-f281d9b55aa9,918,95.71186153546915,95.02473426435738,50.156946126467886,False
aa1f09da-070a-481e-919e-de888ee55198,96,42.466494981102166,20.84482680900629,44.89875431037356,True
4e938fe8-9172-42d3-bc00-abf0859f8f95,749,75.40759042220074,88.46197024519749,36.895200534262486,True
257ead24-a88f-4b24-a065-a2f71e7e0c44,znfh,32.732828429222195,14.541375764114772,40.57781375204937,True
e21d2b14-0dad-41dc-963d-daa77b953209,748,20.32333026243314,48.90846018315702,93.05890093144636,True
ad63f77b-fd19-4db2-9fa9-628c1e7412a2,2,87.39366429391964,75.07861237251149,44.59191858711481,True
c04c9c5a-06be-4d5c-a3b1-ae777b9dabb3,10,93.95741516572627,38.41191104841787,76.91796321838014,False
0f9208a6-80f3-41e4-a9df-a03b4b500811,218,79.16819653409445,19.49071383536064,64.26562679759104,False
0063b583-4a0d-43ba-9ba2-cfbd1b2bc5cb,778,73.54121659185894,38.05132493936871,73.82957806412668,True
6f9eb576-a06a-49b0-b503-d524da4296ce,649,81.15848959915367,6.94655010085059,75.54948702900454,True
3a961108-32e5-46d3-b38c-86461f4077d8,28,87.02731676139118,69.91073448570349,95.8782856708754,False
bfef9b9b-1df8-4c07-b8aa-304f39f2d2df,334,64.47955865655902,40.5147037357267,66.68200148168083,True
7fc23f05-e8b5-4bd0-be12-02e8eaa55cbf,222,68.68803977110676,22.650726738260087,69.97659056833842,True
da5765f6-00c0-4909-912c-6c191555d0d4,854,32.07840265119022,70.83768367114615,54.887415026494345,False
48bba56b-42cb-443d-8672-10180f4bd208,49,23.097888137535502,78.9873255778386,2.881946913886269,False
e8e9451d-debf-4869-b283-08695db905e2,923,23.95202073406927,15.31217466325474,89.60045811348414,True
2bd7ff14-2ae0-442a-81d4-95994d83017c,645,38.67737351572518,46.00563616437755,84.52078046918834,False
437e0414-fdca-4167-9fe2-08919cd4c5dd,999,41.87101740537009,58.15774552835674,90.01134611245051,True
b6ec5665-d844-4196-99d2-1d6c8033c2df,952,12.62556851546428,72.0248985410567,13.109074392696709,True
1526ecfc-1455-450b-869d-8dbc07c71063,696,18.87425118940376,94.33449209293404,71.77438664889192,False
f7d6b538-fa12-4fed-978f-0f866737394b,257,10.42671052951356,84.96866594728003,4.8779293774876775,False
0a5dd59a-0105-4bac-9944-df1ccd5af7a6,ljct,10.116061494498451,9.677701331317678,61.29903174503289,False
96cc99e9-5150-47fd-846d-eccc28b13d40,651,20.413798123152876,17.74097737866114,51.38672524696383,False
33581fb0-6860-4083-a713-e323b7f289b3,87,99.5649688552347,76.94990444473508,14.33861235979067,True
1e3e08d9-aa91-48be-9686-4dbfe9a3c31e,990,7.855702290225485,95.76387867006424,73.05562404434477,True
4be154f2-6c12-479b-93a1-362441ba583b,141,61.68829730065693,86.82024663126198,17.842288065382096,False
9e049e39-ecca-4556-a87e-0424bba6363c,428,25.028019351674303,71.01838862693293,52.22905844894363,True
0226d7c0-b86a-4be4-863e-354c53c1bbb0,izfj,82.5660400582931,42.57836736877184,83.25377306864891,False
8ba964ba-f3b9-4006-b9da-c7bd87c2fc24,92,74.50637614460231,66.62918533510324,36.51888112956216,True
3c1adddd-5fc6-46f0-83f2-45396abc07a1,475,83.72832056648173,13.75618319177876,97.13362970080848,True
0c41fedd-44e4-44fc-b4b1-086368c14d6c,263,88.91436775732319,45.03791263744596,21.070450020123545,False
57a975ee-58f8-4c9a-ae99-b60581a85cfb,983,78.82950059280664,57.53082004501437,21.90380362622568,False
6e59fdd1-58a2-4591-b9d0-fdb7fccdf369,687,27.256588492774235,29.910765819709727,81.61227501703397,True
629fa73b-f5d8-4d73-8e49-2938aaa54f60,955,77.64709706501795,30.73724791483737,3.0063755329182817,True
518272d0-8a88-4933-b1ec-f68b214fa577,470,74.91805998922115,6.820776729777767,43.201094845660336,False
55a4da72-2db9-4460-bb6e-9cc3c5759ef8,266,25.034456915575333,71.575720403118,38.13587684113504,False
646d5082-1bc2-4f81-b9ac-63515ab2d768,596,75.63369501616441,76.95606981524496,70.75509760031355,False
3d711730-a7e3-4c8f-8c43-ac85e19e156d,115,80.35906614367961,38.35110627547449,24.04402425804567,False
7cdab0ef-2c2c-4f25-b607-7fcf7f737f29,efCx,10.065843958061226,31.240395605917747,46.605299406706834,False
4086480f-ed81-4227-babb-773d35b20f0e,944,49.07603804027205,42.6797951128617,14.613577293594329,False
06ca9266-a92c-4548-9705-442afa90d3cf,wogz,73.40322775253809,14.259511651210277,40.598706459635295,True
49caf34e-5d53-4254-8198-2d3896d8aac9,Edws,4.9580219482048165,95.41476790977256,28.17281737274575,True
46adb8e6-d766-45eb-b6fd-79fc964c2953,60,21.083981996557345,90.4783626230319,94.23001273909446,False
dc849388-1b54-4984-87ae-6e0973d4ca1e,loig,14.867383023003589,70.14865531808341,83.11634934919579,True
96af6b27-6952-40eb-9b4b-986bdc5c97c2,323,58.23033758093575,17.186847997805454,76.54575528063734,False
0e27dca7-c3e2-4837-986d-d4bb983ccac9,lhzx,15.35552322101288,22.182904188983432,3.4669529861566573,False
1722b772-bb30-4be4-8af0-895ccde0aa1c,rlfb,66.00441255533175,9.332226562294132,28.42822131738553,False
401ca1dd-9090-485b-9ee4-bab82557214e,590,46.93210374720718,88.81734896672567,24.781206069775973,True
09db3a5c-2bdb-4bd2-b5ab-ac245260a078,447,78.2293935733334,85.40571212276616,85.86626881015624,False
3c7f115a-25cc-4077-aa9f-c585b4342035,grkI,43.42641599780265,36.29834392062169,35.39392670424398,False
66e2b192-2375-4c1e-bfb6-f3f1f9030582,190,93.71783747202478,70.30655662402498,27.089869533121213,False
b4bd97fc-dbf0-4d51-ad47-06066d34c64a,226,25.02351616232693,3.4650760103916545,0.5134713868793161,False
d77981ab-8530-4b00-b95f-74c2b48a065a,471,68.76669243156093,36.39302590803093,81.42349840210649,True
e30609df-283d-48fd-a50b-ec8a1346ec3b,ezdn,34.9424053436001,80.5348754325196,27.91256458729655,False
90dd868c-3294-4f48-89a5-569113275a2b,cplj,23.176966288474155,7.594211410747431,98.99651505911464,False
51b3bd18-1282-4d85-9388-29f3025b8caf,31,26.589892221704226,42.094711283534906,6.642916208716788,True
a314e22f-8b74-40e0-b35e-32a5e5158bb1,915,23.37239564726256,99.6756953020247,36.152826700336206,False
8feb29cb-9497-421e-b646-c9880bc50941,514,89.7664157879176,18.28014374275492,63.37952010109974,False
167979d1-bdf8-47eb-af10-7942e53f14b4,vwip,29.718266260287194,49.07272074714161,42.879983551927445,True
e2549dcf-6ab9-4609-bcd7-8187bcb50ae8,68,64.42698963607985,72.94118345192153,52.05574301971344,True
02046e40-663a-4baf-aa08-45b95d8db07b,76,27.845619542271397,85.59036162891236,16.213278811542953,True
8b444df0-8af2-4a52-819a-bddf913dae93,527,39.49256189644056,20.156458641383136,90.98309293172808,False
b516971b-1662-458f-8930-bf67c203f875,443,35.56591147778535,13.336544126376626,8.319550593494574,True
1ad884ea-606a-4887-9e20-4c592eb96988,914,74.94279311510182,45.5176337600019,11.822354137885826,True
3d173a44-e7a0-4820-9610-cd4d8a77666f,423,35.539011291457214,34.00139900955429,4.762927663378347,True
b853b35d-af3d-4933-9142-ceeb53107099,525,59.81846930649514,17.32305894888688,87.99576294326451,True
69cdb244-0975-4494-be9a-9811f32f8df5,611,54.35883856953437,85.7081915174644,46.01339207359922,False
bdd61812-a361-49c8-8215-1cc916d9a223,317,37.457140645305664,11.093338089800486,66.39585375479584,False
306bb20b-5982-40d7-98a7-8884837a9d60,409,65.93293414877708,91.53036804854526,15.839411496979816,False
b87aa1f6-beeb-4188-971f-141a15dfeaae,807,36.51014798709922,94.05815382358624,60.104271243661366,True
4bbfbbe2-d8e5-450c-9e63-12c94f899451,255,13.188305675211186,19.686444111531653,20.014145472174302,True
c33c86e3-ba71-42ca-9d90-a83fc3baf771,582,18.71981643751192,93.29731400334386,30.045960225047207,True
afddacb7-1cf9-4341-9b8c-62ba77d2c41c,taaz,92.53920189797866,53.59237713567519,31.476050932737344,False
a991eaa8-5f2e-485b-98ab-de504ca5850f,422,12.57520203024165,44.54280525939961,36.481192068198986,True
4fead591-a1c9-4f45-9c3b-ce0aad38051b,720,45.99510352780677,91.05270466632874,55.79871263422738,False
b025453b-f36a-4ba2-b993-7094dd9b92f2,685,16.52376560451212,33.69654383200875,9.024170787588249,False
33200055-a91e-4323-b0fc-3832998c8746,934,57.870975876520525,62.29699321734606,89.50711281573659,False
bc24bd8f-7946-41b6-ba4d-b04cc25a9e39,619,43.24041514947231,54.80201235698947,5.252649933613373,False
2e86d951-abc2-40d3-9e0d-30693b526580,qxEu,1.089624286319324,65.337488996126,72.32658772327662,False
5628ebb2-a3e6-4690-ad25-733a687b1ab2,338,30.57362463581299,73.04807989990377,73.74589456307112,True
d3b7e0e2-e3b7-4ef7-8264-c228cd93e584,gttL,82.39593735827593,72.74698526899792,90.59374014598724,True
115831f4-3a4d-4021-bad7-b0c1355e6734,437,94.62514849580398,84.1297207551776,10.397501080923066,True
802874e2-3529-4c1e-bfde-46ccb4a71d2a,495,33.41943992236956,57.461386635355375,19.74215661274107,True
bd5bc76d-44c0-45e3-b8ae-b2aad16646e6,556,9.68986366552782,43.15186268376462,16.006822469083946,True
bb520e1e-fef6-463a-96d1-1908720b6e8f,146,25.347744993829856,5.013643698595571,36.374792400733234,True
abf8c61a-7fa1-4650-a742-789a472c9aef,755,18.57452549147023,3.0564138211608527,14.067007158529831,True
a03ade8b-9e94-46ac-bffd-45b2936dcc11,290,89.8637732610439,71.97065323132104,57.53046521667198,False
63d7bc85-0bc8-4d7c-ac53-bace18db2230,900,13.183118884249234,74.24432160444631,33.0005288839455,True
a5036de3-bbd5-4f57-87b6-f18f45b3673d,994,79.79849559992702,53.625339594203645,84.55132940997697,False
634dc954-c682-4c4e-8011-adaecd27839b,814,2.332289614466798,32.243619731870425,14.869322210361746,True
b95b34c9-41ce-4823-85c2-375259bfb824,510,34.31358155411163,83.54774656548113,81.26653763797643,True
16d02f64-f6fc-45d3-ac25-d572d01921ed,455,66.37681883159703,87.06947496664898,88.08669229254343,True
c816015a-2f78-46e4-9273-91cbbf0641ad,qshz,12.76427861881344,36.37651636770223,88.99231420206044,False
5a258ed1-586f-4cda-911b-df7633f72ed6,595,9.604222901197346,35.9031681345173,23.399409479507803,True
5ab0853f-f4da-4bb9-a377-5a0167ab83e7,dvzn,11.746048541169884,18.375574783899275,7.028085287365871,False
78e9f83f-6585-4908-a88a-6835097f5f37,403,64.36393269835999,70.17344774667437,78.35275637255519,False
921f1fe9-24ad-4636-a61e-f0f080ebbb70,492,45.11778240689384,8.751146198124326,98.24616557055744,False
5aa35827-72d9-4286-9e4c-1e73cfe872cc,342,62.31151294695461,7.07298041579647,46.57027692514796,False
2d7d4ad1-ecbd-4920-8298-c5d4ba4f8a55,190,97.7289073221136,84.83977448198755,72.95733258746735,False
945ffdd3-6783-47a0-8462-09f32401e650,882,58.54039548476759,6.775646265715373,90.43417201773048,False
447fb84a-5e50-419c-a634-1dd0939edc07,136,65.05946478858903,38.33057085271834,14.029034956471644,False
6df7f8cd-0f6b-4bb1-b5b5-ed570f46d251,bgwr,46.665975701852325,76.44337833147954,62.22772254489995,True
389fb325-c0d4-430f-bf1a-5fb258ce9885,153,15.749529461981648,18.89419932701104,52.01139952982409,True
f6d829a5-63a8-4780-8f32-eb98d90eac7d,75,37.401167415317424,36.920115591121416,49.72097700111927,False
477dff7f-f0c4-4abf-b6c2-6db024716130,2,29.731364515703973,26.217379119583786,0.8638819280689658,False
50ff5815-e5dc-44cb-95dc-b36a1de14f89,307,25.844230349611674,39.21748825176672,39.474379993300616,True
70e8cb94-6fee-4234-a5c2-dc5566d8acee,715,96.82431132750068,31.668777169934597,21.49989808253807,True
e9f837a6-e43a-43e4-b476-4ff5ade0eedf,402,95.70683924071376,24.54145339157181,90.05018981017494,True
66ebbab7-8e1c-43bb-8cfd-4b48852e1c9c,835,5.0843793577598495,78.90518548578957,63.799138647246735,False
5b90003d-1591-468c-868a-25e3cb2cedc2,720,25.45635798974738,68.60021031852826,18.238376057946493,True
d6d486ab-1648-46a5-9a42-3d356a6031fc,247,93.02498980208046,58.88312296127221,97.45273805969995,True
6713402b-3222-4352-bb20-27f8312cf83a,492,66.23761368524784,55.25144665501948,82.32704601973937,False
14c9f758-355b-4bea-99c5-e3253ac5bab1,353,12.106207648547596,70.46517485036165,78.5398230571432,False
e990cd6d-fb0d-44ec-b5d5-a4900b58f675,475,35.585598095444674,30.342014050355317,79.12102835025719,True
3432ebd5-f161-4a4a-a20f-372a5fd6ecd3,26,68.39315086902354,95.08912341743483,73.14001716875855,True
72546581-3e02-4a4b-b0b7-1f8c4353206c,ufld,61.313492646017565,49.19544188620328,41.40898270034506,True
0a89961d-9f30-4c04-9b92-7da9b35a1e19,lyhx,64.56827898117386,32.80145827524215,31.447058068548927,True
cf2704da-7d71-4dec-84c2-5e212c5b53f3,565,54.14893127132405,81.58524270962968,33.49976527642138,True
b5e41945-86a6-4685-806c-f97549034f1a,172,3.692376991602997,57.74871750844406,33.27052234661896,False
a343da09-e9bd-4429-8f0e-a478cbfd2955,943,98.63343209449096,90.31389617767654,72.21094525508921,False
7a409fcb-8547-41e7-abf5-e980d767dc45,889,40.21364333818729,57.860477412509695,31.17316368372689,True
428916db-565e-4fdd-9107-229d86d7f663,488,71.46035412875335,57.15797787920683,7.552357515701836,False
a702b53c-9a1f-4874-aa3b-95225a4f1def,174,50.99552409937815,54.99765682426974,74.84379071856067,True
23841bed-02db-4993-beef-39949cdf1beb,zkhg,96.33846522728636,34.37040175858614,33.22845720408011,True
a73fbe05-49fc-471f-9013-dda97b53f9f1,529,45.59626666882863,27.22048983752916,36.71896030431786,False
a065acf1-8ff2-4d7a-9449-31d0d08afb5c,507,77.04988114934626,63.12383881435563,58.72791312292056,False
09227576-558a-449e-b3c6-919eb0227854,764,50.37017412731085,51.42515219825652,44.44122788670201,False
be08d266-f6ce-4faf-95ef-da62037007ed,tfwr,89.4244730332331,6.705628532377094,64.28696837224862,True
3251d9f1-57d1-4958-bf3a-14a62958aed4,515,79.93358679036517,38.71350952479765,42.61182339698194,False
c7abd60f-9b09-4738-931f-d766885c4986,554,97.20765778439544,96.75923913154318,50.55936345305278,False
c991ca18-2fc5-40ec-9a3e-ba6000774677,796,67.1477445416811,9.654841161589667,42.58872216142749,True
67d465e9-fe59-4959-a1ec-e87cca13dc4f,91,8.22157486284203,47.81613413785065,5.080897756279512,True
e8760de4-fd34-43a1-aa6c-93e7fb04e7ca,bmov,17.577179326167137,89.28431528688907,71.8137232048873,False
007a18c2-85e6-43d0-9ae2-7b028fb541ca,326,36.09986512860876,40.87135883854111,27.90093386285164,False
286ee9e2-f254-4d16-9294-3c012dafee53,508,31.05760188173016,41.60196779743776,61.5776974083265,True
16437e45-1acc-46ea-b77f-6681ab717eae,497,37.55352328963573,6.783072932612766,20.302510840260624,True
58e53828-2c82-43c6-b580-4d16065dc81e,573,88.7288446316143,19.02910151795104,13.97429826529365,True
6cbb95f2-1ed9-4ae8-ade7-20338cc4b973,480,35.80979118421437,83.55059865244911,25.285818203706977,False
0e4457ee-5b63-4f21-80a2-45dfad5d3452,509,69.93712964675402,95.89480129964012,51.89029582273727,False
6389e571-e80c-45c2-aae7-9266c5b06cff,277,94.55186176084293,6.239808888247856,83.15931809793614,True
e93110f8-7109-47ec-a011-400f2a4adbd4,251,79.32658091577764,54.37310427454358,87.98064476263133,True
5138aa56-a397-4ce2-8baa-411ce02483b3,742,19.401128010075453,68.54964786941017,51.11184190942549,False
c025c884-2d00-4043-a6f8-5da7135a11ce,699,84.94360525833594,93.141655121321,36.47402988279181,True
aaa31161-77b3-451d-a624-6fa5301c5392,506,67.06933438918145,64.93173919020103,96.53312076692806,True
c5809820-fab8-4270-a71c-53dd938189e0,564,85.14928338712566,4.177495030055544,85.63609234598917,True
d1947395-2981-4ca1-8873-676c311001f0,970,12.644128968088395,34.27536320443696,67.84243953105441,False
53dfecea-90c3-4c6d-b82d-2604929576ed,Eidz,68.01554239973478,39.36606336451553,57.6011623839687,True
4ad47871-7b0c-49db-bf46-72d3dd3f1a46,828,59.06852921387069,45.14302797491309,53.1286569605546,False
386282ca-b65c-4875-9b0a-c4e9de427c67,239,25.81538687123044,9.349080763667706,82.21507129383366,True
f42bfa1e-afff-4395-965e-a98ba7f53a90,737,44.647433250121125,90.6315220901248,19.72309244493185,False
8f755cb7-5e80-4f3e-9be4-575ddff1dfb7,84,89.65245129529994,26.54913500566656,78.2882751451182,True
b25c545b-f9bd-4d67-b973-9d7748d3aa9f,htby,87.0736261102646,68.25347111071606,64.03221704827308,True
a9eb510c-968f-4e3d-97f8-f6c5d644feb4,bcev,8.979309598333785,35.554654582564424,35.03851890314663,False
78e7ebb6-c373-4a3b-bdfe-67ed28a5dbbd,748,48.97249200268144,81.98802508475438,37.05867470667553,False
7f39512a-eccd-474a-80dd-ed1801de72ba,275,39.017547233477245,35.23390375916219,14.16923657860889,False
21ec00f8-8795-4c0c-bf02-e14e7d399706,46,35.87834623528602,13.49990352666862,42.79219590439569,False
bad93367-b02b-484e-afc1-b2afc3e0490c,241,56.6011273166918,8.596002558482695,78.52824036481701,False
b6b0b8f8-d1d7-4de0-b54c-f150c8f5d67a,492,27.1434576072625,56.65558727675006,39.140756253554144,False
71313128-bcf7-46e4-8f5e-4e1a6cbea4fb,637,68.80797448819827,10.575348121672334,6.876969008981915,True
51b1fa9f-e0f1-469e-8f37-e14315c23f77,hhbn,30.12563752917774,10.757412294715252,66.70841227813415,True
32c15e45-073a-4318-82c9-e5584ec764ef,12,62.99645363367458,36.63515333801478,50.22587299453497,False
53a4c517-dd10-4a85-a647-315547125174,30,68.95874731124447,83.55541504009877,18.888559177443444,True
495bbe6a-58ba-4905-8999-ecc912d74f82,552,89.90757067001674,81.02562189110958,98.10936036633234,False
2d10a9d9-ad4b-4a89-ac28-6e9844adf5f6,302,13.18329456450157,3.30489826006144,15.065747523565609,True
7941ff23-5b2f-47bf-b161-199afd7b22ad,635,38.2814719801628,93.63247480443474,98.99129572824272,True
a9440d8b-b977-4114-9252-f6164a4c747c,uskq,80.79854013758006,15.402475057678998,63.29003632935949,True
ea478364-0beb-43fa-92d9-cc0c20b9a06d,xadx,52.15084042989948,77.93844729156659,99.37715342931352,True
7baa6b86-f66f-4c93-b41f-5d0d104fc156,623,56.72258323375541,69.1965613790772,11.07622704068486,True
0e04a812-dbf1-4e61-ad94-bf51c8165896,826,39.42107872343007,57.754941317100936,4.296027753174969,True
a47dc7ec-c1ed-4fa0-9f66-c84c043c3d98,573,8.02138950736725,54.67027225559246,70.61645885125259,True
d6b5063c-d8dd-4a97-a18e-ceec58b26403,746,17.02057374611089,29.508131702692108,13.035819807628734,False
2f598994-3aae-425e-8b84-0520d6b1697b,74,18.524517614155144,58.75527265832109,7.650758198708029,True
fb74635c-98d1-4a47-925b-5ab6a6a6ec22,qSnj,1.0463313399558194,62.19980580879336,68.76087132849675,True
71a12dfc-510d-4f79-b425-88c235a0a249,548,10.164863930594215,97.36881639160822,99.50091282385937,False
5c649b7d-7af2-480b-b73e-91533762201d,697,26.49265969564122,42.09076464343438,6.279976080468408,True
a1c06751-a7c4-4e84-8328-4c99a877e8a3,651,11.249279688190729,13.752465985352003,71.81982163475921,True
82fc5234-55a3-49ce-877b-3d46abd4c96d,341,38.53711946008551,65.95833932830423,75.05907725981147,True
5081c1ea-2fa9-42f9-b02d-965614780c5a,508,10.919531195486144,8.154916882249964,43.427254686725306,False
114a87e9-add7-4280-84eb-7cafc899afb7,850,82.70858799340229,29.17089867905702,78.32004843065948,False
9c7e3b0c-020a-406c-8d95-e6df0bcb0db8,633,16.26285547720523,87.6035745320261,0.2371170968754277,False
e9cc4444-6b8c-472d-9fbd-d695ff355b94,870,86.18450728316479,21.25868402196589,81.22376503657944,True
4de18f3e-527e-4cd2-9719-a2c4915cfe96,621,77.40856110646429,63.85937771504823,90.28467817810306,True
99fb2562-5350-4ae2-ab04-d15756f150eb,229,8.901293168020564,55.24484625219929,98.37972445063797,False
8fbb9e8a-2b65-49c7-ae6d-9b4997e9a783,768,80.91269841179532,64.64670246539266,88.24454444979334,True
48995dd0-2b39-4595-99cd-780440c37253,uOxv,56.18449073607419,83.46157282202968,58.99430187697241,False
1dbb5dc9-8402-45a4-bd16-6c9755ebf1a9,177,83.56007966968038,8.817967422357887,38.6562087371163,True
a52f6954-d5da-4241-97e1-d8c4891de85d,rgnt,9.048635287113482,88.66896257524368,87.52773166949758,True
34660b97-4533-47e7-8c82-a68051d33556,928,31.537059852638183,83.9792605522911,13.403869931170698,False
42953b4d-c178-4b9e-bda4-06f4a120da60,19,28.003152660477102,3.887930269268469,33.864997034225006,True
27a69b3d-5e0b-42e6-b79b-edf53e12e8d3,tdsq,89.0274989103608,60.39494966197439,34.8294187088631,False
488ed718-6529-49e4-b109-8ccfb16368c2,229,8.144689366951441,79.47877320791196,30.425903755005525,True
4a86a38d-9638-46bd-ab08-58a6e44fe4d0,472,69.1270237986554,36.802726232173534,83.07001381361302,False
c9b9501d-5ca5-49fc-9a1a-514963de8d9d,628,16.3901138353552,1.6339467502159866,20.116096946603623,False
ca944631-7184-4812-80fe-7d5e7a50b77a,201,42.080524009969,39.2136593638971,51.69983313267842,True
bd3a566b-0a62-4803-8cd9-4c5767faeb4e,603,63.36688802373597,28.40091412417515,22.705173250618703,True
ef8912bf-d5d0-47d7-aaaf-125d249618e8,688,75.27405430077737,40.66113304363213,5.395128665348137,True
44fd32fa-3fce-425d-be33-1fd16be37680,nfun,86.33247358311141,14.191891003156645,8.91725757439714,True
2e08ef3b-1836-4721-a6e3-085ca4dc8271,sybl,71.8495915191595,44.49803761717479,98.78432072036536,False
f1e79a5f-f214-4a9f-8b41-59f43950554c,358,36.20108181192722,68.68914935303768,64.73344965140546,False
e87e0269-0953-4733-92da-4487d3d62d11,664,5.799420331645644,54.814407544377744,11.82379713147903,True
7e37973f-7c9e-4360-9100-8db9c254d4b8,766,15.904366508448753,47.76642331363562,5.730952070140905,False
e542e3bf-9150-4d16-8927-a633d3b9c12f,241,32.06577076688241,59.2938937425187,87.12852303402643,True
86351f33-45a7-4ebb-982b-91bee273f7a5,Zoxl,48.653980029416935,40.79045587657243,49.79763895644575,False
fdf74025-07c1-4bd5-921f-8aba9a81a018,924,26.49243226133712,5.119210235381155,13.110272502659535,True
81cf2e72-beb1-49f6-9902-13e01f55bb6d,110,18.04211742105979,4.673802228005275,88.24473992188521,False
747808c7-9e80-4e80-8958-807a489198aa,Rjbu,22.70842183438913,99.38720344962724,26.774951064223394,False
07e48405-35d1-41d3-b952-402ec5695aae,449,40.86499857145876,17.916699290509875,33.00577947207699,False
2bfaf334-b216-4e87-9f41-4ea1d06ca6fd,xCos,92.88203664278302,83.85061124720559,92.79633588905207,False
353f4f56-905a-46d6-b24e-e7eb332580eb,514,75.75056498862698,88.88737079920902,5.787800228604922,False
6857c71a-0aab-43b8-8341-e66c1b29b9e8,wCyR,49.68453461339595,54.90003908498253,34.03432325848617,True
f0f0cb24-6653-474f-abd6-074357b10967,434,62.87460290767839,70.51576812511631,84.21849227522209,True
67184d68-d929-4549-bfa2-c884103bf6f8,csjG,51.92930343373333,34.48416643838359,42.424930556401605,True
6e498b1b-0aaa-48a7-bf81-9acac7e4bb19,4,4.654507916570139,27.793022554358192,59.85064038351805,False
5740c20c-da88-4277-ac6d-65e4d710de37,jlpz,16.123028249596526,1.1537616569679998,42.819089802298826,False
e4e70e4d-1a07-4c8b-a1d6-788edfa7836a,ulAj,34.97495844330531,31.4485458992244,3.989300726126277,False
88e16279-fbd5-4be5-b90b-8f70030223fa,278,71.23790250415395,95.22811954199403,69.39950179066841,False
072ef0b4-851f-4a7d-8e3c-b61adb9ab6a4,454,81.75094453738014,13.652520003314796,34.9931758858482,True
2384b8e0-7dad-47a5-8f48-65e15505cf85,29,48.488218481451895,72.46194976064122,69.72801393601932,True
44dca70b-d609-4dba-b1d6-83186041ceec,984,2.537041376578575,23.79223308583825,67.79816494634194,False
f102ae8a-2082-4afa-be79-27098925f521,687,57.54683360212941,54.16266765009651,9.362936369715724,False
f4103499-3592-4f90-a2e3-71ea84f55ad2,748,69.75172723860375,75.71211875357041,1.5383076425231734,True
aa7a8b3c-f9de-4e14-847d-13c0464f8cd3,887,27.210229314315654,41.06223218667755,19.913341471407065,False
c6814f05-9054-4268-bff7-577eff686a6d,436,90.0952856093834,74.19839782803332,96.03635053625815,True
532642b8-6eb2-40e2-8ef2-23948a22bf7f,393,12.604158194353676,47.8297405145224,69.84404126826121,True
aa8439b8-8a89-4ca1-bcb3-9c6bf96c8f4b,596,82.45997096491259,26.835087337473556,52.899579305531766,False
079f4e0f-04b9-4f7c-9984-cadf3699439d,713,82.28047252380587,82.25560120351292,36.14432105879127,False
0ff52a74-9be3-44ff-b838-d5fa7a7a250b,46,66.06019217000137,76.16055596998473,90.51398095812604,True
23a216b7-ba1d-45d9-95ca-5a4d3d25911a,ifhl,47.97162567203811,71.78089750023769,81.1869547004059,True
3fcf8748-9dce-4d88-88cd-5e09bbdcdce3,838,31.294438288685512,43.20962531423239,87.94497768348299,False
417a4b39-4e35-49ad-b02a-9f13122c1c08,743,73.2196114829724,23.223040486017933,54.78611863191991,True
260d5907-12f3-4813-a427-32fa4ed9571b,514,85.08326302672836,82.37254988640113,54.57817282382891,True
e70ebf1e-8c3b-4bd6-a67e-8b8cee5a114f,179,60.335606499775615,33.06135761324668,32.49755664004823,False
8f30f2e2-7b55-42b3-8b2b-944f914991a1,879,78.5314105564543,7.241666099008115,10.978449721720828,False
a42c86cd-f44c-49a5-916f-562339238252,167,39.907918206551294,80.06340859221946,96.90736188262991,False
e37af123-8741-4054-b043-d536b3c76e7e,yspc,73.66264944099899,32.310634916366574,70.74331976906787,True
291a2cd3-5786-4e5b-8a91-4b9cb8c02c21,tkso,93.37321923809893,38.26639511063858,32.03395867580681,True
d1faf352-4a0b-4dbb-9346-4cb667959c72,640,91.59118241977436,62.83058219145844,83.957761171303,True
c980db14-dd6f-4122-8c56-89063ff7d231,ace,36.61571675732838,17.998870128869182,1.7616722724971834,True
a54a69e9-803c-45f3-aa11-d6b9b3e4d1c5,510,38.69406041734569,61.35147068138954,20.37779542432855,True
04bb9307-9d80-411e-9ac3-32666218ac1e,494,14.745367925948138,7.587483184824784,64.55469932517082,False
988cfdd3-d742-41e3-ac05-b06d8f091195,164,89.84508208831066,42.61713074134674,32.29847417612589,True
388f3a08-c660-4ff2-bbc1-915cc49e202f,434,46.47684512183248,98.51199747045352,19.998768949322287,True
c26555a0-7cb5-4994-9129-ecf4cc08dfc1,565,52.51245339361847,76.92125283064156,27.34094544247812,True
20faa332-01c0-48c8-9be7-700c71596611,370,36.11548254293445,31.006530508388195,47.3472510270925,False
f9710d78-f65d-4fb9-9634-131a6e9d3669,661,84.42186618322502,42.57278240240239,91.2771223049812,False
5fe27a45-3935-4de7-943e-f5e758d713ee,cMfa,58.12047056254429,24.2119486369642,89.75464824172322,True
dd34729e-4981-4f15-82a1-965e289c6bfc,hmiz,84.17908482565721,80.60554935746764,24.14984023291296,False
02dabaee-ada1-44a4-88ec-401b62c51cf0,256,62.7972343120065,34.95836286868038,96.0975941214008,False
b350e953-7238-4c5f-9ee4-3d124a928ace,605,99.86300900884176,0.5140797514712525,40.00778483293963,False
0e5d30a6-d888-4dfa-ad60-55ab1da86d37,897,61.292986187201336,76.37002330976601,80.08110942947256,False
4679d2d4-bd32-4b71-a297-2518a55db676,gwmv,41.823227684767,64.73237158461356,25.66734312540485,True
d91e489b-7f80-413d-9694-013f2f6800f3,gale,22.814388815280584,85.85103077424452,30.08574176849044,True
faa3c704-7c41-441e-b0ab-b3b5ed1bb2c1,950,37.978857305897385,36.23285973693734,10.098017363835476,False
aecd6d32-ac96-4127-94eb-b4638b871440,736,88.92575915456864,19.62121009333953,43.621532359210605,True
8711039b-f66a-48c1-8882-f95aba56c8c4,drir,61.741197675961466,77.36140983370329,88.25896836126836,False
20fb8c26-efed-430b-82db-4fc9d9c28869,mmyw,16.821082395181964,78.97690330799429,9.84310328904029,False
78511694-b993-42a9-ae81-c3c4b813c11d,453,92.82415712749594,53.77802910492835,67.87067463490992,True
f6449214-e592-4383-bfae-e08e1fa7224e,xdYf,88.07380243925611,86.81525274671593,1.347434271917236,False
02a318a6-381b-4c06-816b-ef81edec5df6,765,21.94707992338001,6.808336528198322,8.436424403420272,True
0646a592-c186-451a-8b8f-6230dd8bebf0,20,50.67847087926146,33.68840804013361,41.67175656084431,True
e83f9603-3e32-47e3-9d8d-53fff358b62c,864,95.3538444784942,82.06441792069971,52.17582901390959,False
a7bdebd5-cd98-463f-9ad3-80178131fc52,71,82.58395921413772,35.20263192211668,92.68794148308577,False
583bb54a-0c67-48ff-830f-db49e6f18ba2,473,0.8011177127180247,65.57656975632247,93.42351887231342,False
ae611076-b447-4ab9-89ec-8c330df4b930,976,61.36373453069186,3.7096389974312314,92.2625156727809,True
89870206-aa87-4e86-8feb-bc3522d6db00,713,91.62101743638806,45.52621430150802,4.941763046089442,True
f14ecfee-f3b7-4afc-86c0-c482190ae633,604,79.05920210045223,70.18363607576423,31.36362418429229,False
60bd92e8-90e5-460b-bd6b-2c49c94095f4,aYwz,26.1906290713796,74.5587612907651,28.384452742279333,True
80ca3164-1f0f-4208-9597-f03b746ec074,407,11.762889684795674,0.2484994382925709,38.80994721684719,True
6a988a44-5201-4ac2-94af-81ce10e3e4c8,428,89.75772504911723,29.012293062751404,72.18147352186497,False
bac3e524-3450-4fcc-bab7-e2e3fa035039,374,53.06512377049407,34.91852668271412,10.311063493908955,True
6471c642-ac8e-478d-8c3b-8eec4b20a7c0,igsp,65.69133013585443,8.634404608190238,52.34181260900599,False
cd9e39f1-ab98-439c-8fda-26e6b1bc15f6,695,4.822161715854012,73.92634318093154,30.63378867180141,True
c46a4f99-a00b-429f-ad4d-e72300790dbb,947,86.28060622469845,75.05945401656359,38.3947806789634,False
9fc06b43-db9e-4c74-af07-11b51db48b28,994,84.78238551045747,40.64890739160428,65.83450341702182,False
dd36e94b-09aa-4097-905a-e7794bc575ab,627,89.7443853178075,50.13288841507012,28.85173184507093,True
3ed54501-2808-46b4-b992-88561e5d21d1,577,24.96047270855052,8.115487099490492,66.58761120381715,False
4b46fa55-8a7e-4ca5-b71a-bec24733807b,874,55.943457826306286,0.8700748131632907,30.58798170397908,True
be24992a-559e-4879-8c8e-fa1914e2d864,289,42.09149914707645,83.07416330757447,56.96092482049906,True
266f3f69-9c71-4685-bbea-2444f30e13f6,45,10.238231024278488,65.3823958318465,99.44541528651884,True
7258a8cd-9803-4edf-b0ca-250973adfa79,128,17.404680570532104,55.42441879953245,40.892785040164426,True
a9cef399-3cd8-47c6-b41e-be3c6e3ea4dc,wfwG,80.58809264401316,80.84724977192177,64.5795848565251,True
0859cd09-73ab-4ca0-b17b-42f55c9def28,793,29.89624709427867,96.84558304647932,12.237308276056414,False
950215f3-5fb4-4844-8b82-3d60ff28d1e9,231,49.24242323338803,3.9959192501119456,68.83051195487893,False
88e3f85f-5fed-48f0-b9b9-3cd992aee646,410,68.91632014408212,12.48592256931681,91.75522794731114,False
bba6a9f1-007c-4733-b774-8389efe55cef,653,57.59377488497413,60.81714658884787,18.919476668556825,False
3dec10f8-9356-498d-b2b5-51020b09a979,czcb,48.58564254375859,36.95275110593826,6.984727800169887,True
c0cd01cc-3cfc-4a9e-bee2-1dd5dcdc0812,12,78.11061575097634,16.01557764289567,34.72390706085697,True
2fd9006c-6043-47b3-8633-333b1155e6dc,Tdym,68.12268628258272,97.46945380206368,28.689484024466736,True
b5a564dc-facb-4956-93bd-c32c807d4402,rjsb,45.334833496154346,98.2288062940588,58.71126828406354,False
4a4e95a9-d576-4320-bb99-66a75c1d2f63,169,18.65977892464047,77.1931208106684,68.90348013554035,True
1bf912c9-204d-4d5f-9d20-3cdc1a97f660,410,18.09666720763914,20.960430374797745,64.91053205158249,False
b5b07823-f3c2-4bbf-8236-5f0d9f2feb96,qbdc,59.02705785659633,22.65651105623119,42.01471639698276,True
16113fdd-4f0f-46a7-8f34-17da904dcd5a,574,77.3356251875996,27.95615273998886,83.653790063248,False
4e6c2609-a3f1-4cfd-9c32-ada0562d832b,610,34.88039361948586,46.14001205496447,5.729541631628621,False
4b8c7e9e-64c9-412c-aba0-04a2400f2b80,529,62.402416146274064,13.516906066484912,17.551546121240303,False
0c6300b6-c3b2-48a5-a954-c9c9c7b0fc88,427,46.12062211871542,17.455140347306617,91.48802415903512,True
567732d3-dcdd-4319-97c6-4bd54f7c73d7,179,2.100827392438398,27.413587045569358,49.1525440584495,False
76a64051-cf59-45a8-94bb-4995f2cb332a,848,20.3589582567124,74.96513057157664,64.70470327803395,False
b59fcb8a-e815-41a6-9bfe-760b668b6754,919,40.15903941753096,64.51282064384594,79.61092681601647,False
41e178ba-814f-49c1-a464-b385eccc85a0,621,96.3814527789408,14.886415334419334,94.10817558439136,True
24b0782e-6d25-46a9-9f9d-a08a727788af,116,55.873432284213024,62.28994980044986,40.798473688246936,True
108ef019-0334-4bf7-bedd-5c3c1933f579,125,24.14502536427989,11.383645532534882,8.183010138901292,False
a5a9af61-207d-4e01-add1-b9cfadb16fba,Owyw,6.978710877211047,50.98059022608838,41.08482988815501,False
616ae3f1-2e7f-428c-b980-09ecc2711747,17,76.14118615542803,17.889850958444477,80.6958911385254,False
f3b2a29b-2897-4da5-9056-b4bbd5d489b6,IcHc,92.5189803974638,50.06611314332075,86.6681110932142,True
e63e2413-d374-4664-831d-3460fdec3edc,444,84.29025806233527,12.348739545303111,55.07594125249288,True
43e73c54-4edd-4224-8a74-6e58ec6751ad,697,18.388397966789995,47.300724807920055,22.711004683120272,False
8ad04da9-a5e7-4573-8222-6a4227d3859e,752,0.853706267227039,18.434790749674058,3.1899812128885707,True
bb40098a-60e8-440e-96dd-a8ea405a7741,370,71.64114737959763,13.205936095011362,24.00123643600448,False
90d68a21-f6ad-407c-8615-fc31283ff473,708,50.49176165660428,10.701014477256988,7.809870019980114,True
988b01ab-a9d2-4564-86f3-ed1a9cd27ad0,437,95.32373913984188,48.5476422418802,37.80870885343847,False
b11c730e-c312-4357-90b7-aea349689f4b,858,64.82500940663552,94.12542868852816,73.40422417960343,True
06af8589-14da-4db4-b30e-0a9739aaeeb2,ggyu,35.659494389749725,9.705261403957213,77.85494483767978,False
f3b59203-4974-436a-addb-c8fef7614074,lxsv,26.015756813785053,50.365013184782704,15.981434721334075,False
1807159e-bd3e-44f0-bce5-3cec00b350aa,942,18.01800980901121,19.97511096369876,27.8222810168523,False
e324f423-8725-4102-8b56-9456728aec02,816,17.936199873938385,54.97225724496724,70.68318239530394,False
0cb0efbf-940e-47d7-b59d-e69daf2b0385,qeyA,45.978198630711766,82.58013387703299,45.48913340869427,True
cb4f38f7-89a9-4777-a43d-60da15408e57,466,12.584263639862868,20.633850234787232,22.115969980856576,False
db8e9ac4-6e9d-42ad-baa4-cfe72ae727e7,979,45.01415035770048,63.003135459001726,97.29890238253456,False
286f1a5c-020b-4101-911f-9095f2cdfa60,185,76.197217381962,65.05681658117875,47.557521072687024,True
