id,size,speed,axis_ANGLE
b7bce68e-3be7-4646-9a8f-8007de114eb9,tmrl,42.89296714468496,61.92596931854616
6c4e32a5-8243-48c6-922b-b2cf47eaa605,585,80.48847581156964,60.51808090615296
8b2b9b41-7f54-4c95-b536-567fe3ab297e,761,80.85411652377961,19.452926070326317
50f94c41-51dc-47ff-ae03-1ef580c8536b,144,46.99068205720367,10.530613781631873
4ccea7ae-01a9-4b57-be2c-4330b0529744,qmct,24.817878808822,51.701429572362265
e0e60b3d-0648-4439-99ee-313d935fc64a,sabt,5.953971679151482,18.514106077662092
c2d7cb65-6d43-4373-8637-956dbe5b34e1,303,61.86913855883247,69.52333138562241
654845a1-22d8-4df8-b010-703fbc71a642,176,99.04959683494558,83.62619443468766
2607387c-f6d6-45fd-9267-f9bea3f68c54,982,66.72971880685327,37.27087937825947
a8b8d512-b6f4-4b8e-92a4-9456a3cb9169,913,3.7727754063649033,41.06720124995093
dca23933-1983-4d3d-9340-aea2d6d9f57d,Ecqc,59.42627638419936,78.29969236705873
bff8fca5-50af-4627-a2ea-e667812235cd,Wiim,1.9006650565253305,80.90516826566115
cb9ba4d4-893e-410b-900e-e91fc8febd78,802,25.691843464842734,62.838258142269495
cab5222f-6ccc-4a27-8717-3fd534016222,784,21.28324822227985,33.52852635042214
a1f077a0-fc79-495d-abcb-c3eb39a5d53c,623,89.74961119460067,38.3138430089157
490eddcb-d064-4c77-9481-2d4612d731d7,547,61.31411057275129,58.38780400917255
c53da78b-60bb-48e6-9b8b-3c1530ddef24,907,15.281729681723256,30.61693496523382
ed916b11-62f1-493c-92e4-e0a52b709753,899,81.32715469623567,24.21065873617492
ec1756d2-8df5-409c-ab6d-b8452a7cf207,lxdU,38.00864575107842,32.12500371214531
524f5a1c-4cc3-4617-8828-3a792a3124ea,205,76.43274233788522,28.68378553740577
1840b3b4-5280-4e34-a460-7d62dc7a9367,247,77.57763688317131,29.970823516013045
e1aad1e3-7916-4dd9-a6cb-0a716f8553d5,377,85.58370342174472,28.43748037704621
fd9830e6-e502-4a96-aa96-5b662deb3339,689,25.01867330264353,32.849870553133165
269174ac-8487-441b-890b-0787f5db3891,427,25.949114930201944,16.54672057474873
cf352b27-f3ef-4e6d-94cf-9379b9b50a1c,65,76.24035505397899,28.80014879586309
a1fce323-10f0-43e0-b32a-f15fe0274158,117,70.2835588424228,25.76095028973986
2f97fbc4-9290-47ba-b910-720281135e35,490,92.24093213609484,2.235224966504157
bc278c9b-6669-4d9d-bc61-07447515c163,409,15.865422001757246,54.89593252219659
3e6a4c11-3619-47fe-a48c-0f7efa10371d,NmWk,19.579241577556584,9.385742943436448
98d3e5e2-8ca2-4a65-ab1e-18cd08af8fee,28,74.49439632403823,49.14534642979892
daa92066-624e-43f8-91f0-5d83e503d1a5,123,21.306327668570518,11.24617364595898
af02ac98-c4db-464f-9de0-4dbfc889146a,,57.308721349505845,96.2802928884018
a5fa28c7-16ec-4763-b2d8-36a9296082b2,757,41.60303138594915,9.159939621236225
188f1e0c-895a-4125-8cb6-aea8e7361cda,940,44.16165789058448,32.96026905459682
101256da-757d-465b-b57c-a2b3e0697e76,mdyf,50.0781878434324,18.99856042879223
6886348d-f83b-43fd-a9dd-6ddec27d76f7,607,35.55852908010658,14.657173754826902
cb89a6e9-bb18-40d5-bc7a-0c88a515ec8e,11,80.21926312645301,72.33562191748817
e27df845-9537-4505-b677-539bdfff1767,915,48.59356065598265,25.84607197079133
124aead4-1418-4bd9-bda4-48e9e5b6c146,683,76.33623341638533,81.14436967794624
76fb2d7e-28c2-4233-8c65-05100204f690,wvpe,16.121506427112354,11.8858293829045
f793a82a-1ed9-4b9b-91a8-03e72f4ebd93,kxjw,44.30435985119095,46.132376712765634
be6da898-679b-405d-9a1e-8ff69d2c8c8e,522,19.918302431815537,52.67752643596019
ea112917-5e78-4d9c-8eca-66e02a7e3c60,448,91.6385821516222,87.16507351921547
1714cc70-e50a-4322-b723-69eb8ed85cdf,422,38.2921906506776,19.65946053897761
c7f80f8f-33b5-47f5-8c0e-adcba25d2315,689,1.5936059077288345,81.02786071254428
c6c6926d-2689-475f-8ec1-359f2d9de3bc,271,73.4453446784407,79.81711795987921
2628edf0-d049-471b-b02a-1ac74c4e89f6,963,47.9805596979683,16.163931804237862
fc308eb5-6830-4e04-81b5-89d5a49b55c2,559,42.01785111475205,21.71823476152832
14cd1bd8-ef9d-48b7-8420-c75a45665b49,624,51.0452852495627,10.66508667966982
f75cd0ce-743f-483d-a512-8608083057fb,273,70.0536563480579,3.189895918100838
b921cb2b-9faa-47ea-a439-a9b07bf2176c,34,3.814699903490992,29.03168630009312
1a470566-aa4f-404f-8060-c351190f2ab7,75,1.6401293283290652,85.70192033873182
7e9e08f1-cf53-4769-9b93-f9c561daace3,974,58.70097890523134,74.37651070932964
e7cfe70b-e6b5-4e4e-86bf-fe0494086528,110,90.49085064173138,34.02742747144508
72069380-1433-4251-b887-41f5562bfa4f,jd,32.951778825571786,45.489372319706966
c45a6f99-e510-4dac-927f-b4824145614b,531,75.49814976855832,33.51430129599991
d01f3564-c5d3-4a06-ada6-937e5360430c,630,45.36530920030789,0.6135525551127952
bb4ad244-1ab7-4350-aff6-77cab07d8154,909,20.49417464534258,81.18759123265389
5634810f-e0f0-4697-b22e-f21ad233d4f9,rvpj,62.71789643479079,29.981070112814155
9a774d98-2a59-4891-a4ad-ff1cad7fddf8,594,7.369407826285546,53.29995218629762
335e53b5-b8ec-44d4-9995-cb23f93912c3,760,31.72608850723769,36.57100326481307
470a085d-0c15-4f33-bcb8-aea7e11e02f6,905,77.00835679936317,77.42976581271682
c985ceff-8bbf-49f9-b44e-509c5d8ddec7,287,15.22931516338415,91.30390159168331
94f8a96f-d461-4ea9-a031-31649d3296ee,mnaj,41.95792902402885,91.29489916945823
c9ada812-b6b3-4d50-adb0-ec41636c4de2,319,31.42510282484725,24.43020520200746
d29a7319-5e81-42bc-a2a5-35930fe55994,skss,5.396215424799089,15.921644350473183
05634fe4-de62-43ec-9ff1-9695d0450c63,101,78.21027908358519,67.26869850986202
fd74ffd7-4cf0-451d-bce0-cad532a53eb3,503,14.421795992152951,71.63005880871354
d8a708c9-d57f-462e-8c01-14292709a3b2,823,36.96458320352131,58.745759834672086
7df87647-8ebe-457b-b7fd-69359c5f2304,360,65.29199550687403,40.38348161517885
deab95a5-523b-4738-a60c-727275b4c64e,742,82.76980450110578,94.0998813559642
824a5425-faab-4101-8ab8-ac012a1daa2d,510,47.37939032275833,21.955379665254824
cf3cc381-a3b2-41e5-90fe-b7fd73b20a54,vdeC,68.88305362251337,54.7932597064953
2b1a9b60-08c7-47d0-8e55-26c28bbc255a,567,57.270666899605416,90.7954668589388
dcb2bc6c-1c3b-41da-941e-af8dcabab5b0,307,4.280911708627078,75.65729210500825
475446ec-7c60-4b26-a514-282d14b6c3f7,497,27.05301791322764,15.257366401197558
9fb64475-34a2-4bb7-a956-2aaf7689b249,791,91.54933029401076,21.47350093915296
75097bdd-29c5-4117-b24b-1789022cc36a,671,9.484423856325751,96.19364319122636
91c97317-ab6d-4c5f-a178-b93a6406caa7,231,40.925941999008295,92.7416921284467
0853a224-fe46-4e9c-b9ba-6b993a067450,203,22.42812323962332,82.24063257667468
b0239246-c0b0-42e9-862a-d168310ecce4,78,77.02309219305688,87.90854900704798
b0d7141a-1b4c-4d69-b5f7-8e399d2f05e2,848,46.80263969900376,77.17221780340239
b38ca132-599b-48f2-9eb8-e05126f52a51,962,55.130381072265735,80.77367750866492
4b397d8e-42c1-46ee-a0b7-83ba2efab767,jwsb,88.53440413982312,64.52036474401633
06c79869-f3d8-4a4f-aa54-f41ac33d090e,648,46.77493917061082,63.15653409937581
813629e8-705b-4fe6-832a-a47c4f2e2e9f,dfxr,92.40226305886132,11.818138236486975
42e7575f-fc16-41f8-a1e3-19ca9e0ccc4d,668,26.347438102664576,35.32267703800742
4591ec76-08a3-4884-a076-1bdc3abe01d2,389,90.54738726255717,87.87493052947252
0717a15b-f88b-479a-ba7b-a9d7b26df43e,225,72.08586028500352,18.4716758517706
8b9d75cf-11d1-4224-b1e3-bbbdcc6320d6,852,70.08378586275677,32.96709672393601
24925832-485d-4547-a5cc-4ebf0a0b907b,166,50.24880232218671,34.42658514918114
1c648ab7-e81e-4e55-8d19-708f58bf7125,963,71.68695390873629,88.73021724100788
584593d1-5f8a-4503-b826-8ec8ebeddb61,194,86.30589498194523,12.506127300429382
ba24de32-c3a0-4cc8-af69-94614e86663e,95,5.69483536105192,29.954996452059312
894d154e-1b52-4619-bc8b-95facde1c442,418,58.61723471850354,89.68588880709538
b7823dd1-c535-4eef-8fe0-1dc2363196ba,466,17.197164697448365,30.439866857616217
8759cc58-4adb-4e2f-8477-c8cf11e8f321,12,38.150231722092464,61.35870015890104
76af89b3-9977-402f-9b8b-31586c682dd2,jccd,95.8491834076771,99.7179450424736
a85af7c1-c17e-4499-9281-89f6efff0956,jbov,15.31896271943146,12.00063694215807
9855eefd-0b28-48bf-99ce-16afb33c2b5a,145,71.26896654722427,9.646690689099646
832fe7a3-463b-451a-b3ce-dac67d755b6c,480,11.620866792241236,1.07653004617152
a29b03a5-c6e9-44d9-b698-96012f23695a,761,46.859293476732255,92.362576326744
95cb5c6e-cb8d-4330-ad6a-eb094fa366b6,398,19.62701685001728,64.11781012167911
35e33a0d-d343-47a2-a572-1b653459a957,656,87.33954834610748,85.97141460422652
476cf092-5242-42bb-8eb0-6da765e57738,mhik,60.37019760447806,51.4483529549201
f39b151c-7725-4dc5-8233-59ba7d00f399,461,85.78876422340605,91.58036755687004
485b2740-2a31-466d-9601-fe074f30bbca,rznl,34.92887033951649,95.3782315904274
061c0d62-d263-44a0-b772-8644f4cf8df9,729,30.32781454404234,96.88021316441656
e1a74d5e-94db-47c5-b9bd-39d83efc4564,118,85.51642994164627,80.50613756877834
f55cbeeb-d518-4dc2-9fce-f0cc1b5c70d7,eloo,75.30804407699296,62.85519494846804
8f397e23-57e8-4ab7-a145-781711d1cb38,42,5.982931686813409,77.11901834700187
445dbd15-8cdb-487f-b543-83a2686e0537,680,83.20656064378275,63.58059107564414
81802f7a-a607-4d1c-8742-a6844b06cd53,668,38.08746763040299,74.80207581302226
cb280e7b-0fe5-4dff-9b23-7c6774619e2a,160,20.17972770070874,63.27812460897911
5e523d18-39a0-4725-a575-09b0acd74948,552,1.074724866899579,72.05985064383898
70015ada-79f6-4027-8271-bb4ba21c8da4,812,93.1139158088676,76.45147660956309
053ac986-ec9e-4170-8c49-4b559db4713d,538,3.774566889696152,66.96197869550664
b778ea3b-6e5b-431a-af06-4452ca8fb414,924,6.626417840172049,80.87426003929738
c5d6cfc3-37a2-4710-96b7-b820746529d9,225,72.10901347641584,92.00442950722709
7396c4c3-f081-43f6-b9e5-2dff5d7d124c,203,76.20373156465136,1.2017364521482057
1079f3c6-99ae-473e-96d1-39ddb479fc49,9,20.835946654985705,97.6115711053852
9bfe3e9e-b987-4f34-b84f-90950bddf632,lttD,50.69836039146149,4.546388574955462
87c455da-4d38-4535-b79d-63ff35417362,nPid,80.07782770503356,96.41591333816498
b8f0376c-5477-4956-813e-443f276da301,820,54.885972010888096,7.387972129268949
52297acc-b5a5-4e54-b9d3-2743c154017d,27,47.50660807454633,44.35882356483195
49a1e526-aee9-4119-a4e3-996e9ea42db3,233,18.198714572052765,42.715841936608015
afa5d03c-8a34-4f93-af55-87bd96145916,40,53.29285349404799,80.45036600428057
be164829-6e62-4271-af84-d92dcf7aea24,yqna,22.57847848588509,46.29799017397295
6c6d3d3b-046d-490f-b1cb-17a28ed22c20,Otxb,48.07825538102024,39.40565253128606
4c4ada39-dd17-41c2-9c6d-dbb7fdcd85ab,259,69.6056343431245,19.94252775408884
228d560a-7803-432b-a644-a511a5db214c,870,19.16730395361896,39.71503770296509
61a129d2-0f50-4caf-8c2f-1a338c02dc81,rrfj,21.292944515809754,44.63834445361282
5d635e63-4898-4692-b148-1c542f2ebf1f,735,10.724242369285053,91.99050672864816
63033662-a4ab-4e91-927e-e79faf3afafc,gkEy,88.31569166186789,54.50553473302845
a3d73fbe-d81a-4028-bb9f-d5fd4dc2595c,Qgfg,69.12675481851674,32.12142208957162
839572b4-798d-4cbc-b12a-812051b95227,653,38.72018126572537,53.85858265395237
075c95e2-0add-4b15-8472-405b1638bbab,gwys,31.96230880715737,20.78525579385356
d2553a22-81fb-42c2-8ac4-abf6b3219016,266,94.60504080503232,53.39101819833941
5ed37826-5eff-4624-95a1-3b56c1c6bea4,366,94.67738401083946,77.05346965421694
ae549607-dc38-418e-ab4d-37999c96f3f1,392,37.21552003223236,65.67177013241849
489f4e7b-8c1b-48d3-a7ed-5fa109678b5e,8,16.46688656417514,54.48181646282276
ee494a04-ded0-4d67-960f-b58ee4b90662,43,48.102838574935305,40.15754273121724
f65db3df-2354-4a6a-a5af-eb3a86f31a7d,903,39.88069424403883,36.31417489830761
41652848-955d-4bce-b62e-7890a512992d,585,29.021390053111062,6.38929981533336
28927934-6abe-470b-95bb-75a6d36d1f52,xluf,75.07786896881359,11.873084478608742
108ac998-d649-4761-a938-a66b9cdd367c,81,23.92632406545944,69.03520686103938
4c57ee73-355b-4d84-95a0-9cd70c79e9a7,313,73.42283512036386,52.82821346097791
5451d108-ee89-4bee-8a79-1fee9749c56d,953,79.5460093725239,2.3136874255566875
ccc69cb6-bc0c-49d5-b349-688def96ebae,577,99.33832195184073,89.9316689756789
b797dac6-90c1-401a-8e8f-9544fe811c88,761,57.21551883211917,56.845850302415904
47624265-8ff4-4bb5-b934-9f60a2baf621,879,0.8290430944277505,30.58926078297609
d59a0c48-b118-4339-9cc4-d35d66ad0c1e,363,33.09241683168233,85.41030894107584
1b8d5cd8-fce9-43c9-bf26-f9c99f965739,410,57.496197876078185,26.946421999251868
692da801-8218-4faf-b782-fcd055abcd2e,1,46.87745720939978,76.59303666306648
5a2b9288-b13a-4655-ac0b-717bd0800c8e,993,49.65699801709778,45.83333635135802
9aaf4b34-fda1-42b8-bb01-64a401d9d9ec,926,9.744584136672485,94.80085830249976
a383424c-c9e9-4445-842a-529701cfd22d,267,34.8710774077132,67.6836408951399
72b64fa9-625c-41e2-a810-f342a1abb211,73,4.258018319527556,54.36599336537772
1ca445e0-0b95-4bb0-94b7-3b3464edc499,kKgr,24.1637569699941,66.91329243116634
ccdbfb8a-c69c-46ee-9598-c11b193d5232,998,36.35828406021108,31.384063539628883
c316137c-2ab9-45a1-9c1f-d6bd773f8b96,837,16.866509738475365,89.69893994824848
711dba59-e4bb-41b8-9692-fd5a5487c039,190,64.21596944676459,99.35862283592232
36085fa0-ecaa-4a71-8a32-d1c3870c1817,467,71.52847612262569,46.48420358054081
86db7d35-ca2f-4140-9e55-4b36666c25e8,dkfe,7.039649528529157,62.69211411452464
df1ac024-ee49-4c63-a837-cf7c9b9b9e14,964,80.37459695013828,66.5367542178793
d1725107-608c-4710-b711-46a6d6f077d3,681,76.02579097861191,6.740643649270394
03df8200-185a-4f43-837a-b288a587b94a,789,25.25403523260582,33.72057950308094
b465054f-b6a7-4e16-8012-5828aedea5b6,26,88.31043070214416,22.111791635360923
1a56ce74-de79-4443-a3b4-5ec97d4b8fd0,1000,32.73968126351821,55.69399570306236
2ee1cd1a-4c1f-4f74-8254-ac79ec44065d,988,63.68666424635779,92.1419378273723
a9052e27-3c88-4c84-879c-f9958c961d46,821,50.79016233851945,72.39301185907073
7d0c0899-382e-4b3d-8daf-fc3eb0e6e563,me,63.31083947159082,16.928081972542063
644ce584-576c-4db2-aa37-89be43340cf7,114,30.129896015267864,36.62013254605933
9b8d4181-69f0-4d24-b50f-6c70515969c7,805,83.43239308089852,90.48332996233624
6ea0edde-4892-416b-b131-ad49733bfc18,vezv,54.57422248100692,69.3065861049447
7c9c748d-d575-4906-a947-94bab6ce5431,655,55.09459510475227,6.664178979311075
5d6bf528-df62-495b-8ca8-058ef8950f4e,884,53.52412886720188,48.43428040202726
341ad733-c084-4b5c-913a-d5913625f25d,653,2.814477940795257,27.33766256788619
261c1fba-e5a8-4002-a678-8c08d43a16ed,38,92.46310376151972,40.39718578844798
92bb1921-628c-4e04-ae56-710f7b07c342,fsvj,84.62686516523607,64.39574113641083
a311ab94-9d10-4b9f-a9c9-9766b290f563,241,1.3535788975194474,57.34440202744916
9a86f0b8-bf4c-450e-94e9-cc4a0e0256b0,63,76.90699499117713,94.54580178274756
e2323722-24d4-483b-8732-d8c1f8d5136b,504,23.76884859253763,77.35951074168003
f741fac8-eba9-4461-8d26-95942bb3e07a,383,17.66386635652578,73.02083279086158
b4dd70fc-a477-4948-b871-9be9d50b9bad,xlXg,99.51973074850838,69.22737293604837
ea701022-4eec-4865-a256-e7e46ac0b979,slei,45.29032488911041,49.401473375603565
d984a9bf-f210-4541-a404-37df1c19ccd5,657,97.1196093642616,50.716619889459565
517cdd0b-66f7-4338-8f61-f3b84f35193c,801,11.003951193134798,2.26664890440792
290531f9-d97e-4013-97fe-fbfe81763885,254,14.160426661771542,84.18378529239376
dc7a2060-bf4a-4100-a8a4-cba512b5acb9,145,65.71284085914458,21.02436640295485
af6cd25f-d4d2-49c4-a3f7-218a51451114,usMf,7.30514977163057,67.86101712188409
c15a1621-6bc2-47f4-8140-7bcbfb73146d,856,34.66690880966331,38.936674158521534
6f792b4a-350b-4efb-bb77-3b4db7f73c68,395,10.280636966396283,13.18682064473803
6c29a4f1-79ac-4ed8-84ee-be08e6eb38a3,rapV,86.95415578184594,13.034269400198074
f936db7e-8737-4789-bec3-4eb03a38e368,vUah,51.92496850061513,62.42580656978315
9c5de033-5ca5-4100-a93a-4584535991a1,Illa,70.94954736334664,6.380392670280111
6f4fc209-a1e3-4d01-9eaf-57082ba77c02,139,14.401573139903656,55.00560462264807
9c9d4956-9b0f-4091-8b40-b416356df114,356,64.4090375339719,47.85348448596826
a2e388b3-2b58-4451-b2d8-0a20a3286c3b,ylcq,83.4912053699259,98.18588586846556
eef9f305-2195-471a-995b-f377c1a7d0c6,973,2.452667147418497,7.2239785554832014
05256f56-9c21-433c-a260-526bd2aace4d,504,66.92702582806955,39.92024691217122
33ddf3af-429b-4557-adc3-1ba690a7344c,90,8.06396650195681,27.16335078416855
e90042ca-bd6b-4bba-9892-3fbc47878788,370,43.71430126940204,43.154741862086986
9b84dc48-c698-4620-be89-836fbae432bb,qbsc,59.28758546837633,53.97976373085037
0c5597b6-2913-4ed3-8fa2-219c32b4527e,218,58.2902380485542,32.63085050388354
b9bb1ccd-931a-4116-8cac-e3565a5e6878,uoka,23.190760500555477,65.0831828195564
ba5b97a8-08d7-4d44-a91d-f0cc0e99862e,dekf,6.741092877302113,68.45493040514158
5f25d03e-4375-4a71-a20c-a6e0d358fdf0,232,84.15070728349424,66.33640101378475
848e71bd-71f7-4bb9-84ce-3272a7c5182c,93,35.51554876362236,38.373290195229096
d330d244-dab9-40f0-8d9b-dd753e6869e7,936,76.85316825546099,79.2629223709441
12023918-015c-4667-a101-18e715afaeec,138,62.45174455424972,78.9732345599089
584c5386-62a6-4f34-9b80-5798cc8fa89e,190,28.615351252444388,28.736227827728037
036e411b-e50c-4806-886f-2f8eb6bbdffc,249,51.74163307249836,50.16568646534655
414050d1-93a2-4799-9ddb-1ccec2fb216b,719,16.61266781863231,36.23765434014453
5da6e4ec-0e2c-416d-bc1b-79f5e6e69096,27,98.1633938808392,46.207920077939626
c605da84-91c8-4823-9c4f-8e8c0e6a26aa,322,25.15438764840282,76.56500855044798
4bec0ada-27ba-49af-a18a-08158747f1aa,182,23.60710374338805,39.33287691889407
02625c9c-562b-4a98-883d-ebc829014146,442,15.709801443632266,26.324792119310057
645eb01f-6192-49b9-baf8-80265d562867,283,14.234314589720045,37.3413427095307
34b08301-4e3f-4904-aa20-31177c61a193,hyGk,69.1499750292621,78.2575610084124
eb52b81a-fd09-45b3-a1fb-6d047080645e,964,20.757971064291937,36.3239764459561
dcae0332-c4eb-4b06-bba2-28857d077702,392,26.658869610209837,38.20104887383151
c102edfd-adf4-41f5-9cf7-1a2e35e7563e,717,76.07757054552984,56.88770518479734
accc0b5c-6ce5-40e1-874f-88b636deb199,691,19.49489677517654,37.54649588997299
7c0324a7-adfa-45c1-bd49-3e41f14e4cba,625,39.18422621418478,32.1581378013809
636f7925-e8de-40b5-a228-0fd940480768,698,30.04355193831003,53.16685992620396
4c6f25d5-18fe-41d9-bc9f-92570cfc4ef1,794,43.17250294040389,77.92923533045487
8f3e656d-6ad2-4d1a-9a46-006291a45ef4,354,57.22224358720338,39.65493774894585
369d8a2f-7082-415a-a34e-535222647196,uvmg,6.086982015288922,3.5071147977450035
707229ee-a816-42ab-aab4-fc522ccf917a,524,96.07839711624764,97.50776404761208
7f2ab1fd-9b63-442d-b1b5-36b4f5974f40,fayS,53.33970218100389,72.83391562613973
478c7740-2dbe-4331-aa43-de0929784f7e,766,39.49420190274513,47.36872884771994
89dceccc-70bd-467a-bb14-f63a3d0d4160,fekt,10.899958548332478,33.39999063535045
bf9b4bc2-91d3-43e5-9a02-429ed9a15f80,279,87.20574126599774,64.14797382480988
01cb9a40-a0dc-4db8-a93f-33e464dff224,348,91.43594334876404,17.719645018251917
e613c3b4-d59e-448c-83cc-1cae89942900,ksux,85.98087996788418,64.91641346125623
8fe7a070-be1e-48ee-9402-cdf61339df59,721,90.00828702312388,65.72738248413884
79ae09d2-bbe0-4c69-9a7a-78a2ea7953d4,592,94.1913757222941,81.0752368289536
4136bd74-8785-4848-8fec-c29e931d2e28,328,31.015622095917493,23.80930279902834
23ffc862-bbf8-48ec-815e-cd562d6a78dd,404,56.00798531583545,24.237481786677066
6cccb3b3-c507-4a55-a577-3903fcb59530,sqec,22.70446795733022,42.85572850727398
5881b17d-d8c6-4044-b200-1a0e2ad5d3aa,445,58.97897341218408,98.07224182453427
0a242fb0-5b92-442c-aeec-ec78ae54dc77,651,79.4145995846685,74.34327489148367
e6a44a6f-3314-4711-a0ae-6eaa1d60ffe6,446,44.76007470023187,29.142457289231217
1712fa93-26f2-4e87-9c7b-7a00142c4edf,447,61.5702653319234,40.31730076118358
cb5a119c-8785-4cec-bb5e-b58822548b35,923,62.11876347282036,57.37023635348122
a225d5a0-9137-49a5-b3ec-8dc66ab78f46,753,98.27195389680978,34.34967274193068
4a8fe9a3-4c25-42fd-9d13-e15c9972dc46,948,98.048930319455,7.771938144874668
5e883a3f-4992-438f-848d-a3a566100fad,267,43.13626322645262,60.13805409293722
37c57895-e73a-49ff-ae44-1330465ce122,pcxj,89.40195599897231,25.45921440250578
500d992a-20f3-400a-8acd-e59b072692ab,fvce,17.71365864330271,76.59389517568512
8f17eaa6-b154-4136-b95f-55adace82640,84,22.69991664238169,75.21383610341381
7debe554-4fdf-4952-8d8c-0187969c424d,328,9.470962606297483,25.88971281763637
3ecfcf96-c086-46c4-b7df-f59413b53a0e,lzea,63.83088785434069,23.255307522735368
a4270c18-72dc-449d-a0f6-19253c43ab9c,264,89.76572343775669,70.33429044744881
3687fe45-43b5-4e06-ae9b-58354dc0209b,680,91.70973363421729,41.96262501637713
8955029b-2bd0-446f-a947-df2429fe90ca,132,36.24659871476668,40.1905645668726
95b66b9c-3357-47af-bb18-3024d381c62f,bknz,47.61474532721339,77.31412411976424
43316543-d828-4592-9965-eeb1b51bb1a2,874,48.65715684538301,8.53994251082122
6ccc1228-ef75-4924-8de2-7662faf03daa,463,75.43093372981183,63.31093267246876
6bbf5f64-c7f1-4f74-9d29-2d33d9774520,685,34.33490925625647,96.8547895993082
5916a6ab-c12b-44c7-acbe-03566a0aca73,303,78.61260058559348,65.53112002837537
631e5d63-2b47-4bb1-bd89-97ee851d38e7,638,11.071357510764734,2.272507831968551
6160f5f6-7fb9-4e3b-be60-ee6e84a94260,966,73.5822964159818,21.360944204698395
31ad054e-1781-4e8a-8292-2a54874a9713,ovxt,59.63537622106067,7.109205681375563
4f4303ec-fb9f-4e8b-b25f-94ca4a7aaacf,ypxr,9.774796736667746,9.6880106530977
b500ba87-ba78-4ff1-b706-cf49cf8ed24a,fceg,23.892961784425747,72.73921839632534
0364c3d9-51b5-4f8d-b7b5-b0358208f191,87,9.607980077175773,17.12459201532187
6d1f9106-2be7-40c0-9afb-96aae3b28122,50,82.03205729620666,33.54070262254353
eb20c30f-15f2-4f0b-bcca-8aebd5c759cd,30,6.483142484500015,23.59721406859494
068bf771-5b75-40c6-850c-f08051dd9459,981,42.61363494536107,88.13563782306957
667760df-31ed-40c8-8e2f-fbe5399dc5e8,150,85.92016083514883,69.70220239809247
d04286b5-cce0-40d1-9a38-15177df6bc9b,tqw,88.22910931134555,90.64980975742186
1cf36fba-4922-4325-bd0b-2601ace1f953,656,69.35194867271004,20.66313310702912
f67aacee-bf6d-43b7-ad18-568468c730db,362,90.63465626561626,12.13595771522613
4c5a1a17-38a0-4f7c-b9c1-018036594c02,323,48.97568140865644,18.80663183033102
5e29ea87-afb6-4ce0-9543-8c6075b2db5a,112,91.6256632391082,59.85506736883104
dfe9c01e-c3e7-440f-b82b-0ad353846653,835,7.406354564874618,50.83592706621572
b7db3189-6eea-4568-b23d-49c22b8dd230,bezb,0.6038564528493828,21.269476267281227
b48eee49-894e-4dc2-a3d0-e65ac2acab82,mgKo,60.06143607439876,22.920046213038457
676c70e7-3633-45d2-bf83-eb8add0699e2,201,88.58441452053812,75.17637338355668
152d5de3-0ad9-466a-ac8f-30ea22137331,hgqr,58.44512449981367,34.891046346086505
391ffcbe-5090-4d70-966e-e00b740aa746,676,76.22743829292229,76.11786935173096
5bff8a31-fb04-42f9-afc9-ae15ff5fa691,709,92.5431812591632,52.97130250509877
af4f90c1-035a-4f98-8bda-ed6cfb820aaf,586,88.42103019914661,44.09973036467726
450c604d-d1da-4737-8373-ce35cc3df27b,735,98.1555598187916,70.84266067703611
414112d0-e726-42fa-bb4f-f73639a2856d,wyvi,62.32099848528957,71.89680249056715
6f1e0c7f-6f75-4f45-a575-d1c58db2d057,qtvL,19.27682762070157,38.40234302650434
53b0999a-a538-4f73-9326-007e4e00441d,140,50.8223161061058,80.16762638107504
5f3095c4-8957-466d-80f0-e252813fa4f9,396,91.1478733614283,68.31758431190144
dec91d1f-eee6-4304-b6d6-8c382fc3fc19,281,10.6648295654737,68.45457956086688
17dbd448-829c-4ad2-9b09-5aa70ba4af53,346,57.03280597674392,37.08779168470314
1e3d90da-e4c5-4225-8919-8cab0f68a564,91,35.42339591973512,36.5380071771542
b4856053-33fa-474d-912f-2c5fa4679261,679,9.42440599926464,82.94725911354259
be1ae72a-aff7-4f31-9616-1564ba4479c2,tnCj,73.26106131838051,6.714698831777644
4252a173-ee5a-4311-bed0-99e888112596,991,18.56418770889673,39.132269506455
587242b2-26ba-470d-bd8e-3499098e0c32,417,5.7718633349709725,53.27317090058556
92c974df-dd4c-474f-a09b-87263e010a0e,846,59.543758204401165,90.04504895864629
55ada172-d6cb-4b3e-bf82-d49ac9aaa009,66,85.04975210842666,3.4361192355131576
b7c7f01f-aaec-4440-868b-2527863af352,640,91.32514495702983,20.67371794121322
54eaabae-2ac8-49ec-9b2b-7e0db85247a9,goaf,73.22509117589694,24.52011368181859
f55b7bda-d591-4e08-802c-625a8132d843,68,49.60469679333909,98.81821654782378
2bb31ff7-3b3e-458d-8a4c-9e95403d2ce0,722,98.38918381502836,63.39507142054453
87e3faeb-f866-45cf-8172-94e686006d9f,929,90.7054247180267,20.70859233637694
269f8f8f-7045-4d01-9516-a97d8bc20662,jcwo,97.61614501869514,66.65392112733021
ed5d28a7-2a51-4dc0-b357-c29b0bb1595f,53,44.04990760491852,88.78831355198477
c5ea20b3-d5d8-4960-9141-54140b9a5416,426,63.08907382738994,43.8776310631432
f2d71520-dd16-4a14-9826-73eb3f85c689,645,57.65091085897989,2.05308472038106
88daf819-20bc-4761-a4aa-c3ab1ed42f8d,297,76.10454028695177,11.826754853003552
333a53d5-c876-4f5a-9bd7-28f2aae0390e,626,22.06063036212211,31.368863660766976
035935f3-5635-413b-8b05-84c4f79f90de,rhoc,83.62566964300943,21.277938070010904
340fc107-d0cf-4fb1-a146-c64c3aa91e98,681,29.15182349460035,7.330131533120232
e54ce994-099b-47da-842b-16c7d376078c,GuSF,10.314644055951703,86.01815923547873
90fc1799-981d-4518-8df9-55f9e056d8de,8,3.061619196953036,31.286366408458267
3590afdf-94ed-456d-95bd-839a974a2783,xinv,5.330128540387847,30.387508519165284
aa70516e-6c13-4032-94a0-8fc9d3f2bb5e,350,99.19906612984283,29.550974560442533
3f89804d-628f-40b7-bc58-76e44f8d3ff3,960,27.856215156652556,95.57657024209914
3a080929-1ec3-46a3-be7e-e3f98d65edcf,380,33.567295546547335,91.68267967722193
ce8284ad-232c-4459-894a-192f98f756d9,234,42.99118359953845,63.59227065034446
c9b65662-946e-4271-b603-d0f074c8f0e4,152,57.89397102097268,11.20215787380543
07cd61e4-371d-40ee-a4d2-a91920f8e57d,322,21.33710960081664,22.82695414775949
924e3230-4e5c-4bcd-93d7-684bc2107751,wkyk,72.58149143455773,39.43761149948064
4ee1ec76-14c2-4165-8936-1e68aa86ea1d,138,28.04581919163529,83.59216378701747
43398ef4-50e3-4837-b5fc-71b9502f6980,74,53.036653194359296,83.96122762618134
5994275f-d843-4da8-b5c2-b4a334e6882d,614,2.123979256963404,9.721144246590772
ef2e1eab-ca50-46c8-9b49-7fd4d4db7264,283,53.65011558603331,98.28063302920536
675dc00f-b2b2-44da-b120-6688d0ef2e9a,924,23.07869566056128,88.76457046717692
8bd26562-2420-4313-827b-f880d6ad1395,81,62.51999026021008,6.347772162213694
95325377-4181-47e6-9d91-17ccf4b80fab,458,35.90231858191487,28.14128384946244
1ea6f6a5-5b1e-47eb-a0ea-951dd423f018,623,13.716670899385186,50.35983925536727
b6bde19c-2ffb-4734-a392-fe2e8e416941,vwgi,36.17936983435618,96.21183231622577
1060aaf8-6805-404a-b231-0311ef6c6068,myhQ,82.46796094840714,99.93462490067326
50d3e464-ae91-472b-a494-050ee0f267ac,802,78.6814230391063,13.940328113275037
b52f4ed8-46ac-4cff-a390-ca007b49e114,542,24.60312755083948,98.3735591683484
46b77550-7d2b-4369-9074-e44315cb587d,24,62.25525656101948,17.74650355191816
28f117ae-f9d2-4659-84ee-c394374d4464,731,83.59658435846393,97.97462610718108
457f526d-2d76-43a2-ad77-ae6f17fc75fd,plbH,36.27156787109038,96.99434017991892
08956b8c-725c-4650-8e4b-9023a45230d2,emzT,47.70660805503819,51.37526540676157
ffd9670d-0850-47e8-927c-8dd5b4d638f7,bruk,84.70656729005655,55.36449727111608
97365200-798c-4f47-8808-7af562c8a0c0,genl,10.107494519245574,94.03404415405716
865a9014-be4e-4686-937c-807a67fad70c,467,11.774366292471871,71.3343148783914
378ec2dc-42c8-4abb-b35a-b9ad2e363df1,hwaf,92.86001532443188,44.14213901735484
c1dcdbaf-72bd-4398-8efb-c80a1f287023,ruWb,81.26145878952043,20.613031170471015
e1fa333c-f77e-4505-9d10-ee8630372fbb,428,64.35231549966436,60.32159329732464
ddddecdc-851c-488e-b5db-9ee40b1b3977,370,9.039574651671431,31.48887309286837
fd0b6ddb-7ef8-49df-b9e5-220abef5bcc1,,71.78812968762807,65.51079015094885
18d1ac08-1cbe-427d-98f9-f17d627575af,Fxnn,45.57190473819108,67.45683887295634
056f4008-3ad3-485a-988f-da2a7a2747f6,887,59.3631405037832,19.42369754209976
9dc908d6-3a28-472f-9ec9-652e976eb45c,369,20.67967461764973,86.77597204343468
55db291a-0e76-4c91-9b09-5e3cd8c1b2be,652,96.20132732509336,49.83270121446653
6cc76912-d424-41a3-b643-19f50764f4da,684,82.21976759995998,37.85830911562588
f642924a-95eb-4ac3-b31f-279a0b67a724,437,21.883381689400828,41.22113185872512
6fb2c347-5c91-4cee-aa9d-83cd6a2fbf4b,545,50.49917539378954,86.15869044336502
284a1450-ca64-4c9a-8b73-90de6609c488,257,57.65600911026421,34.727087718114326
d6769497-efe9-4885-8651-9c6f86e4bc3e,433,47.9674894115646,67.85291868794225
4b821996-0ae1-4712-a5ae-23b8df4e482f,464,19.267005688722804,87.94651681906824
99e91c0a-92b2-4096-a5b2-a87d4642010b,663,69.10338096930695,28.908147472709
6131658f-2743-4948-a772-7971a9af1648,192,95.39964102967772,62.51053601403126
82fec98d-4c5d-473e-9d49-edb9c0ff4367,438,82.76415852191303,29.72995032836669
41c8bb9f-ec4d-402a-933c-cef24f3f598a,382,59.47852404393259,72.89801778489598
18285a20-d160-4760-ba95-a54dd0ad9311,512,56.95599905044942,32.96242912653773
090f5baf-3c72-4166-913b-36f013b8574b,692,55.05547866167236,81.80341846721113
3354d6c1-687c-47cf-80b9-6d28583016fb,54,43.79621423758561,87.77447612102522
5eba9818-94a6-4d5b-b8d6-23f1fdb6ae8c,foRo,3.5260499143222046,49.802828686036285
5c0e1af9-7535-4dfd-857c-69ce1c318b45,265,28.49022230252289,30.567549388626013
afa22b73-5171-46da-a8ff-1acfb24b2900,336,96.46845129920784,26.25126227971269
78fab4b2-e4ca-419f-a9fd-bfba89f3a59c,482,47.69051521238647,91.48917053029804
92d4f917-9b14-4bbd-9ff4-51ac54e5ee53,Utrd,14.657240987196085,90.06479746572745
4bbd4efc-1459-47d3-bb23-cfae20ffe178,745,94.583305595658,89.90603984260328
def98d8e-8567-4eac-9710-1644d06d010c,987,66.88418244442181,82.30521344429073
76cb3283-6033-465e-b1b0-0a223d5ffdb9,73,96.22534374560524,0.2604240167270344
e0dd6c71-fe2a-4a76-a6ac-05c015e208ec,zdhj,39.93221883495005,87.12302195569394
cd41ff67-07cf-4fb7-a2d6-ff1afe06fbc7,823,89.98172228003637,92.68309413886
a359d6b6-619b-43bf-9e11-a5921414f11a,157,47.30822457803572,0.374704007129345
4cf92d81-e251-430d-8727-72c92f2cc8fc,743,21.82821042443116,62.39831555175872
8a792d5a-b0da-4b7f-a396-7f1e1b5535c3,197,91.734132913345,80.81580531340099
043055ad-96eb-4f90-95b7-f19c29c50c1e,188,18.24554172872785,12.213255626883512
12af4eb9-00cc-486b-bdc8-f3a92dc0b35f,ugxk,68.01049580709828,51.087178822409776
13c3e07b-b3d6-475c-960f-7e0a687881d9,566,77.34445012456403,93.72943520602917
173e6c1e-cf5e-43e6-b964-8d4408c86ccf,809,6.405155088683612,84.579989122417
ec3f220c-95b5-44f1-9bd7-2154fea5c3be,103,62.49513265327927,20.44019414042727
91cb8ba1-1a46-4d92-95a8-e3e6fc40cb7b,515,10.38739772590731,63.62557719903755
485b0c4e-748f-48cc-8cd7-44b3d28a8576,630,7.685613131542935,93.32829001706516
e5f81ca6-5fd6-4336-a372-e155e48882ae,141,48.336492322970734,89.76442349309575
9561fa8a-b5df-4281-82f7-4d092cf91323,195,13.878095991188344,47.77010146639
17e9ac9d-5aa0-482b-b9e1-0eb3aad448bf,630,18.6729287624102,89.56102071314834
7fa2cf23-64f9-443c-b545-d906ddcfe28b,44,35.692526416369255,96.36706531694313
14cd4793-041c-40b0-abd4-4d779bf25010,73,24.39105478253254,48.84408379024703
cbb94e8d-0f67-4a96-9348-3781621e8b9f,447,6.217553665796327,27.460977668699527
d28c3bcf-4260-4096-ac57-4f5e1142ae0f,305,47.302352674185535,96.78377962082004
b0c199fc-9d0a-4484-ad12-f891aa2a3498,141,89.92230529987256,22.136202374274973
544de219-272c-43a5-bf93-1120e9fe92b4,938,8.429369303762602,60.543222491651946
4648757b-50ce-4baa-bfe0-8436d7d34cdb,984,75.53104736085781,60.72665912293479
603f0745-5ace-440c-b663-40c72f322a7f,998,4.426235183746307,42.80512416652955
fcab5d5f-8744-447e-8af6-5e8bddc2296f,505,75.54913632096077,6.5564945880267285
4f3c02d3-9424-4340-a45c-84ea539e384b,557,39.07798225936601,64.71527362573484
7a3b9f35-2ca5-49cc-a0b3-e0a62da0ae16,326,52.00089384468611,46.25831683070927
640cb0af-e518-4982-afc7-3da97faeee90,355,4.347848268305365,91.68683853038192
f7c6a766-f61c-4593-a78a-b0c0f255bab2,154,31.29489421062177,99.65906955698394
37b99fa7-852d-451c-a3d4-47fcc6135db3,999,66.39023529340186,5.18608646906733
77e2c972-e2a3-45ee-8d70-a15c1d14fecd,285,49.87895100408276,80.62913536583797
2dec23c7-43a1-4789-8b8e-4b3f588bae3d,756,40.9596960246027,51.01205517925366
c6b35052-612c-4aad-b06e-3fbb47f32e85,887,27.248136278134226,13.735062180260426
75badaca-19e2-4455-a889-22bd6dfa8971,760,19.11849058723619,60.18158196270945
2fed9abd-1482-4038-b729-0786708d8a27,948,53.9320038535919,11.31894746345543
feff4785-9bcb-45f6-9d8c-4e98c20619ed,512,73.61723389068739,67.454994080986
524f6abb-9861-433c-82c8-98a8d7824d75,986,37.26631447880971,45.23488633735651
5503d48a-4686-496a-9b37-8b3ef7548c1b,162,58.862947660603496,26.30734213462316
dcf57622-d4d8-4652-ab69-374438e23e5f,963,76.12218897936451,10.289350901135863
a5361368-7add-472e-9270-7ff77e02134f,283,14.800178752302273,57.519827066500525
2fd0fb4c-b052-43ef-acb1-ffa4b6fa7957,632,14.982572881177658,13.488117094647723
77dc4038-6b79-42cb-b04e-a8383c002753,qusy,61.74901558697857,15.222812013492016
4e7489f4-4607-4d51-8d30-0f44bd3fc397,329,62.42935670340184,87.06289212585473
f843a22e-bacb-4c10-81cd-c5a5c21ce5f4,656,71.75357816805395,56.37929523814508
6c28b418-c678-494c-9a1f-0495095245c9,54,77.31758778242904,52.897159554102245
65098ce6-0a93-4676-90fd-f10725651564,485,63.7203954137698,7.379249421709599
6e627f7f-4ab9-40d1-8273-739cc2809639,xyqw,40.50396354401461,81.40184200979522
5ff55064-0315-4a84-b942-8c161426915b,441,16.6530098287895,45.49249981296089
3144af0f-17b7-4041-b2c2-f5e8a42d42e2,49,19.450233701124898,86.06268982166887
5933cb01-3701-4e9d-af8b-e2ae04c8c16e,428,55.10107208492192,36.35557528502352
d7d8cbac-a4d2-4bb4-97c1-fd7f1d95eedd,45,7.343100219649823,7.829048817320139
67232ad4-ee6f-4a81-9887-64e82883b986,383,75.23929111796396,38.8789428662354
28fbee64-6996-4652-9d39-929bebd0b9f4,293,69.63188487111417,15.985505029602642
949bb3ba-953f-4068-8580-35bd014f1263,73,55.542621689185815,41.01459279895005
1f530b60-c970-49e4-85b8-87376b347c6c,221,10.709320048861173,40.60302957994808
6c7b3d87-0f70-4205-becb-ac0a927cc274,qcxY,13.370131550274756,28.904781118924426
4f4804f9-dafa-4e1e-8a96-9f5e9d26423d,524,56.330566947428,46.68552573481859
3ce53a90-d00b-432c-a7af-b6088a8e73dc,597,85.6596983060728,12.655498603423233
40eb8959-bf3d-4a5e-95a8-c7d0f8b6547c,571,85.11766393892621,61.77513233734878
563e9357-3b8a-4c08-aaab-3d9a1fe200fc,393,88.09321707226448,61.89609080640401
d0f1081b-2cd4-4170-810e-483e01afd2b1,148,33.508243098155624,2.752342509053529
3a22e219-327e-4355-be3f-f484271d7030,61,90.17346826495096,34.874543596660814
88f5e60a-5ad6-45f5-95e9-6edc60cf6f98,becn,53.30539266703354,48.18243194117656
6d2d83ac-fc9b-4b73-908f-595ffe938c65,507,65.0702955389473,98.70439724767046
8020b979-95bd-477a-9d19-9548ba091b2a,246,42.399191439685126,76.29279966758291
75df05a5-bb59-4bc0-908b-a3b5b157f1f3,43,59.08956427092557,65.22247998859716
57dbfef3-e3b9-47b7-89b1-f7a561054859,362,84.64632473928933,52.88499316949773
5c1cad77-62f8-4438-9352-f9f21632cd5c,19,58.98114081619463,1.4141556603997518
d5ac79a8-8392-4f3c-bfa3-fb33fa8d43c1,92,78.47355732406285,5.136418201526904
6b608cd8-62e9-478d-bb9f-ddb9aab9eab2,505,21.44572256321001,60.65126438758354
35fbf41c-efbb-4aed-971a-3fe4451573f8,401,50.32468595696605,71.94898689445426
86573396-e6cb-4c84-a115-880dda4a8b4a,frxm,25.483016594032414,96.55236126078712
5364e4ab-b0b2-4290-b725-6e32be65f53f,123,20.91587833596368,69.67301933045125
1d01dd6f-3937-4715-9f67-09a23ca5f747,vhym,49.64749140553997,5.581625917141442
a63f9af3-d40d-4c76-b0d5-7826824a39f9,523,6.680701633180908,28.83148497777904
49f9dd07-bca4-42f5-bfaa-f1b675b1a819,232,90.88803602998613,11.844668304248373
1ccb0649-00db-4ccb-afbd-2de85e5cd453,607,30.49770617795595,18.467391722720304
e41d7c52-9705-4cca-adc4-3b2c60e1f0d3,778,34.38702620607278,54.963515306158286
f28ba5d2-1ab8-4fb7-90b0-44d16bae5982,840,55.49849334186207,55.176956838156734
6499abbc-d4df-450f-8376-15f2d5e6ac83,bjde,28.19541375794451,5.027180169911927
7a08c93b-3e59-476e-b84f-4431915f6122,836,53.10227618892237,23.74874157262129
c26081ed-1211-42c5-89b1-58b9866014a8,365,5.357780096226072,62.08725699376365
316fd44a-752b-4f5e-80f8-752d9fa36840,jrIm,84.26326054174027,31.830571774525417
7b469d0f-806d-4298-83fb-c12df133200f,599,17.42675710288196,18.51115075743808
c47710f4-7245-45da-b186-dd678b5e1c7c,601,20.09330363254298,9.087905440517584
b7bf68d2-e029-4e53-931d-8322b7fc3847,deNm,5.377997544155377,18.219071506504317
40db6fe6-8de6-4ee3-81ce-011b7b4df1e0,59,76.69188046271232,35.14153012217621
698c493f-71a2-487a-92e1-8a20d5398945,180,26.945247895699943,39.34056459528203
a83840b9-b32e-4140-bf15-7df29e71cde4,333,12.058779913401551,64.62200460784314
e352e5ea-30be-4059-8125-f518d0e2c86c,476,73.08941001877169,40.81129186041152
cb7da38a-76d7-455f-b55d-64574ed25890,988,22.22223818289053,31.698260727112118
9432a379-b00b-4a8b-bf21-19b83330e424,411,59.36692324033454,8.352116039792524
b48c0519-29bf-43c7-a48f-457a6fd582d1,69,44.72549457687459,56.66849182185887
ba2dde26-10d2-44f5-a204-ab5e19a635ad,cdgq,8.767991701250388,60.51005178646258
e144e48f-e440-4af8-8af4-3f80b77c2bcf,369,94.4837747423254,28.368200601593752
c1727177-4f67-46b9-aef4-50d0b95a0330,905,93.4504338465002,2.6303067102315336
d58ad195-dc23-47da-9223-ae677d61be70,170,72.83904297719033,0.8711364779570907
c4199bdf-2e02-4b1c-9d33-27bb3ed64f11,950,45.5007939735522,61.46687909555105
ff8e20e6-6ca3-4e26-9e15-38911134b2ed,959,43.47944761769954,5.369653644502048
339fb8f6-a5ab-43d0-a8e1-d6a6e3c6145d,838,38.64640914652024,42.11668012222815
57f59864-72de-487d-b2c2-741a684b71e5,9,54.98527426874509,40.94833488890195
d7b67b80-553e-4628-a3ad-aae4d75f39cf,925,24.586123106099432,55.02874849702732
b8103a78-5919-4252-8036-2ddfb3fbfbae,hmni,86.0030124278623,63.56112414955286
1a1691da-bab7-45f8-9857-61f07fc501f2,269,44.02502894080498,87.54071486014308
9a44f966-f31c-49c4-8f84-29837152bb85,414,98.65883476190324,83.0794934092018
4751e64f-d2db-4e1d-a761-fc07d19b2050,123,87.54177603902606,82.47986158507456
4b7fd286-9199-45b5-b390-f117328cd2dd,bowt,88.65760678356307,2.254103829479992
f5e11ff7-53af-4829-ae67-a8b5c9387e4b,618,70.18747265503103,47.24955826506824
786580c5-309d-48f9-951c-c931ad2f0714,975,91.95024886328945,82.75068655045649
a0fb11db-db0f-4905-bd15-8de4c2bafcd3,0,46.02312364720383,23.01921237644643
26f36563-f3a4-4a8d-a451-0de6feddea69,742,22.87871084669637,25.938985970608908
00ed3c70-292b-463a-9aa9-8d648e020d86,152,52.58140506429708,18.200179450287223
22df07d9-216e-4e14-b197-5e840f43bbd7,589,49.55590119002875,99.65470623460467
a418940c-41ac-40a0-91d1-3731a907fd72,880,10.298901226769486,94.24561073477496
9a803526-0a93-49b9-b19a-9eb451836e81,325,95.95284945557658,22.310880676223288
8c7e9e73-f983-4c17-8f25-6214826444de,570,96.0936126830498,3.7345752792264375
6c23e330-39ac-4c90-80e4-28a1452b8383,871,5.147161639365394,72.21035459693009
1bb4a721-7a94-4d67-80de-a28108e9d5e1,757,89.43257801135279,56.467966238208575
26f52f7c-2a20-4648-ba02-7f9cb8bdd705,441,66.6233038009413,86.40392661899742
78944014-9ad1-4f3c-841b-3287130c3107,7,17.25532923155122,53.37597295527437
dc4f620d-46cb-4355-8993-66738bde9277,926,14.43938341993639,32.44855074777144
117be63b-7cc2-4251-82a3-ea7ce5212336,428,57.67303502030418,64.92612663145974
9aa09390-4d01-4984-a770-f93baedf8545,393,34.49572279260763,64.37051397405686
6af01a4e-f8b9-4c34-a223-a33690ad3ee9,972,55.00559198144999,51.439269583866775
c79aab4e-82d3-409c-9e19-028b7d32c0f8,xcla,67.50514485367304,27.40347579799105
842b60aa-6bc0-42f8-ac7e-ef0a3232ad1d,869,35.69122251798718,76.03410869786178
dce420e1-fb9c-4b96-b476-d9d07196dcb2,706,34.8760683184816,25.12620067894241
091e18d1-2954-4303-9d24-5c1ef7878728,141,92.2731716145345,33.29546026675134
cb5d226d-bbd0-4673-a4a4-fa3089f66eca,42,93.08014085589797,74.99022236848481
e72a2fba-2b5c-4d1e-b713-e6839012843a,750,46.14904156840341,77.9202355435207
bd29b772-81cf-41ac-b8e4-abeefec7eec0,Vhcb,61.9832085526272,13.606474707475568
5e848f8f-ca0e-4510-bb60-c90fbd045fd1,Zloj,75.0059305096018,28.17410506948336
eadc41a4-7de5-498d-b7d8-13e3435b5bac,124,22.330737232178844,15.75649221321137
a2797d0e-81f9-49f0-8fba-3b240e7b2112,734,0.6602170822665676,82.87646942601452
fcaeb4da-d2a2-4821-862e-16b9ee069857,713,98.44178966467932,43.10852796440526
7feda983-4b42-4977-8fc1-f63c81bc11c3,708,50.24709793657514,30.14349745591728
63cf0013-7dea-463c-a337-feeb9ca3b647,nqfz,89.85989655918914,48.66370754321604
6d7f1e9d-c5ea-4d57-b26f-f5ea471600ee,MxfQ,32.741121878861534,79.63472451389137
52e95fce-888c-4187-b893-8261d54832bf,427,1.9776593809227137,32.164299914720786
fa08c203-cef2-4440-8676-96268e7af5e9,415,70.99633477783422,66.02347033001301
9228b8da-cf14-44ec-aade-3cebf78d724d,337,94.77414971261588,1.1743871918405755
04e8fb00-98da-4fe0-8b99-87e127a8f4a0,ezof,55.07686622501612,43.23936570902486
36f5ff4a-3d56-4bcc-9a82-46909fdbaae7,75,86.52964330728912,12.85774515985053
cd0f96e9-6c5d-4527-a67f-4572036f4ec1,627,5.432666436923894,70.76481595418008
5a1bb06f-9671-42d6-bc9d-6408065d4f98,ptib,44.50368598421954,17.35932909112726
9c0a6dfa-998d-43fc-85e3-6dec330e727b,quqr,87.0308550527988,86.96815270034234
c79d3942-17c8-4abd-b326-149cf82eb589,943,89.33909113996647,44.22045534315142
2c2028ac-6f37-421a-8ec2-3f5f564a0e84,971,22.16981658592108,10.58025413278284
4ab00bf4-8450-4d47-9096-54bfaf693139,631,84.9637617035035,99.63369401942673
a47a6e43-36c7-4ad2-a762-9fb7469e4e3a,831,20.395552829699792,32.77234613093163
bb4f6854-93a0-4279-9a77-756c886414e3,250,69.88855719830597,35.479078003842325
f1159398-0015-475d-9cd3-5ed6f0ec4d66,Mcvj,39.49571302180167,96.97360472662356
c842652c-00d9-4fcc-a3b7-40a00437fb8c,880,23.409803590964927,7.932753805670279
8545e6d4-6e6e-4fee-9e2a-438aa87b5285,uyok,12.67145340986433,17.09341394903018
9e8180ea-1302-4285-8275-73b9834fb356,zgci,60.73549925671193,64.9003770220054
a35168a7-9f00-4d5b-8414-8246a043ef42,358,25.32377154409637,29.77147599987867
16c6e6b2-07c4-4990-814a-60c90da49646,700,61.356625126426536,72.58815783826923
b440220e-42e8-4b02-a40e-f914098ce01a,964,66.05702481281088,67.59710592214793
973a3e12-ff57-4dfb-8990-2e5c0c081335,tngm,42.22518045877373,26.947003933499747
081ed080-52cd-4b01-bfb2-ba6cd55022ef,108,27.00731014998793,71.98450080934464
40415a87-59c9-453c-a4ec-64abcbb3969c,940,82.84007818506495,49.63764133174337
89c998cf-c9f8-4e78-83ba-79a63c98d2a3,158,75.39552333862588,94.007472649877
68c469cd-fe96-4b0f-b396-9c8dde01fe1e,lwkp,7.03427927060416,35.69766326769166
4eaf6d55-4a76-49b6-bfaf-9d16e9916037,730,81.99590279427026,10.879958154487923
edbeb119-660b-470f-ab68-e442c7fbd274,895,40.64272748656245,55.792844080778
3acdb6bb-f940-47ec-a312-ed438547bb53,bxkj,41.20803513997377,79.62427527022969
1f771db7-245e-4736-9467-2de03c329f24,409,11.15283187937086,75.17789225371803
6d76407e-97fa-4b15-8cbb-a303de5cec0c,801,3.782279372716746,72.10979787899396
9a4eb6c1-7aaa-436d-abe1-9fd0c4b35562,672,36.63505583921246,21.31152747197128
f896bc09-1263-4e15-954a-6598f78b279d,9,89.68010592431595,63.15988338470928
559ffd2f-e680-401c-afdc-691fc90aedf5,jcob,13.432923259609876,70.48378481989793
0fc5f4ff-6074-46b3-af1a-8ef06ac31d1b,945,76.78572922867434,83.67659241049552
d8e93759-abec-4264-801f-6196a987f9ed,907,50.378781861492975,60.28194745008149
10936b38-f123-47ba-bf17-4c1296f03dc3,719,64.78707368587209,27.18527891286392
55ba62cb-7671-4f09-9f68-8222b343af7c,fcnq,31.881245287218064,61.78018047034588
f5d1ef0f-15b6-476f-b783-e769458f75c2,516,82.0543708911945,12.560332305242085
3bdbdba3-f845-4e8c-95cc-42bb5acbbb52,522,31.36382176881871,47.0730465202688
61a3e9d0-978b-4735-bc51-1af644107cfb,ngBl,45.09814367810417,83.89825099463135
43cb5fba-403b-437a-a1e6-1e32fc4a7b41,315,3.847305930237266,50.78059494374778
ff5cc620-abbe-447d-8b5b-01c1d037f31c,286,75.97623593802993,12.78289739683942
98bb1645-d9ca-4892-af0e-e9cd3c4dad9f,Yium,77.25324232522598,68.05369466157222
51a0461e-1434-4c11-ac01-88163c14240f,368,60.94676012317749,38.71139342951347
315759bf-80c9-48f8-ba1c-c63d36dbab92,390,18.02468398912427,46.91488187678865
bed6cd5d-840a-414d-a327-f57b741f8835,439,56.18860063486744,9.12990185685172
29718afd-5c60-47fc-ba6b-ca67ea7f828f,868,52.26590094735466,33.69949164423372
105c8cdf-5e17-4178-b4b9-d7bb528a2288,96,32.14975498915534,66.41038723217994
5a63911b-50ab-4277-81a4-c1cb285b3cbf,718,32.11914025305291,12.03081656451711
b1d0ae39-7e51-49e4-848c-a85492e9e386,gsln,33.58205528168293,75.41640951180824
9b6b8c99-b3f3-493f-8341-1cba4a0d46ac,573,34.378925347294576,85.62602381576593
ef3fcb0e-699e-41da-95e8-e622e4232ab1,522,21.644643947025976,37.91720220630511
a231527d-3f39-4750-a211-875853383b60,370,58.119938126932446,75.48715442370654
32fa2420-0788-429b-890e-079df342eab6,217,43.21519953882049,47.02701789280757
24ecaf15-758a-4052-bff8-1ad33a3bb30a,940,63.04536975940648,21.39789042678013
aee59b10-47ce-436f-af98-6d20fcebd9f2,89,74.07295755944716,96.93787320791591
a00af375-b2be-445a-aca6-a96f79eca313,535,89.009560953349,82.48821346680816
3a7035ba-4c1b-4d78-808b-6055eedec167,464,20.442597299381948,20.362820477093468
ca4a5cce-f4a3-4ad4-8bda-fbe8d7471628,848,83.14650558419027,61.21534940318898
23b70e45-056c-411e-926d-31e3e0a5ef6f,zgRj,1.4288671825445465,70.45941019023786
a08b1392-e2a2-4be1-84ae-47daad624101,190,74.97203706926722,71.41427771114579
c56a54e9-500f-423a-bf67-7f766e858686,861,34.524790491905776,46.39054221745816
a1d20aa2-fbfe-41c5-90f0-7bc19e607967,130,71.84469503135597,80.23560885833466
e84f499d-fef7-4719-8882-91bde21aafa2,645,91.64000216296289,65.26286843454575
607cca94-09f7-47b7-9508-968a8211b049,386,31.48492118756028,26.167027654056817
207188df-01d6-4674-b10b-0e44d1d82042,811,47.24427293270866,72.45732814940328
27c11ec8-a21d-476c-b96f-4d3666c6f4d3,972,22.930890673658013,74.17911713339892
99e602c6-511b-4792-8507-2050ae85e6ad,57,89.50217278062253,93.5214450222241
cf4eeded-602d-49e3-b978-03a71445af52,f,47.12109993429044,17.953152044626
6a441b33-c5e9-4511-b7fb-df929c113c1b,762,33.41291088142491,40.022198048520295
023dfa58-a14a-4567-b08a-250a38a04845,917,0.4672472878961997,86.43202355167037
292e06cc-b336-42ac-84dc-e6737e281d20,108,15.12537729044502,30.48526777639943
a5ab48d4-f1a6-475d-9bc9-dbc5de1253e8,127,71.97266945645255,51.06277638434824
03c2a766-0718-4c1a-957d-2976badb5cc1,576,57.021476783905456,16.11478424146684
efcbb90d-a8d3-4f15-8f39-adbe955aa757,295,13.291911942007896,21.493304994205086
502495e4-f1da-4c2e-943c-49ce3993933b,340,15.137360281964607,48.6335578644956
5b20f51a-fbcc-4403-af92-4b46996c31ee,znNr,91.4161447323738,30.99654201852019
58b54374-6858-4708-95a6-6335d5aff9f9,fgwx,41.11408417806519,53.24455248220301
3d2da4b5-9f2b-4a9f-9ff8-87e9a764eb92,61,17.284657898368884,90.27535960632068
945b2f37-acbe-40a5-b3eb-0b873f6a5a2c,852,64.12894770943727,68.68867895602797
3c6e41ed-9ff0-4a28-9e0c-2fb03ce5c183,488,94.57294128575067,32.54436574184928
401ff5a5-5b4e-4913-a772-aa8630b343a9,806,96.60763370295815,56.2579503647146
d2198812-7a42-413b-84d2-5b4771685ec8,447,19.883844740262635,57.95178541598504
50d48d78-c2d2-4906-882b-12b0e6b29307,melo,64.49548563514324,13.861348889613478
767c925f-204d-4884-82ac-c9c40f95b9e9,478,3.7147739106384914,65.73485339164705
320e095e-614a-409c-80c4-b40cd01c38e5,852,25.50012136813632,88.52017000787338
d2824c5f-4682-44be-850a-6ae4210a07a9,emcl,70.96077368289289,79.06175530132
81ce708a-a500-41d3-a589-e902485f4c88,320,99.16983398443026,17.488430764562867
f38451d9-8444-4ab8-b01c-58feefffc5e8,657,21.79257104576872,61.12157537243871
b5a8f52e-af48-4938-9dcf-607c5b88dd48,Mblf,52.4183647222054,24.50541094645664
5a0c65d5-b4e9-44f0-83ab-7cc8cfd2a5e5,759,35.90350995266496,12.678995947938663
7a3fd4a6-e916-4d39-ada1-0f03869f5194,132,38.60953284847878,61.79911175320865
a616132b-7895-4344-b85e-d5e8392d8a14,327,91.18584376567598,60.28141499475823
c760c0ca-ea01-49fb-b13a-d8ecfad0eaad,vLnT,96.8062128196211,73.37469614072425
486cb6ae-5ddc-4ddf-b23c-1c1bf4d85be4,Lexp,28.75956995295159,66.96975313063403
db9a83bf-3f93-49ef-a0bc-5b596d4a92bd,23,50.14663159089411,43.2168539753951
bd2a0c90-4e2f-42ce-a409-796844e4ae4f,790,95.19675176095744,43.06247879576149
18f0f0b6-8041-4017-84f5-2542c37fd033,897,45.64440087939643,28.772731209733728
87e0a8f5-5e7c-4501-be78-3094655732f5,civv,87.31826887397713,77.63552334741817
4c40055c-07db-44da-a8fb-e2f0f8f7ba03,236,63.9457379130331,34.888387551333174
6344d089-7c4a-4090-85f7-cf1f0929fbc3,98,15.099224283987578,2.159353898804983
5e764c64-486d-4695-a0a5-320c614d3f4e,483,94.76380765056776,66.32356647222304
45acc6c1-da39-4a2e-bdad-5d1657860816,979,23.657174423959347,80.48596380054374
c7db7926-4402-4a2c-8104-a1d76db4ddbf,939,88.32228321967145,82.97288071382141
d0e75f2b-b263-4f02-bc5e-4fe58ceaaeaf,vczs,80.45380655056162,80.99901822366093
08c9baec-941f-4fb4-a0ae-90689ed2caed,111,25.26348134530741,41.14817542269039
7bd19313-ac60-42be-8eb2-797971b3c8dd,uhjn,70.26398439961376,41.800346142291154
8f18e996-f8c5-43a2-aec8-76a55dfffd9c,beii,93.55792487375456,17.190335181046702
79fe3c79-af7c-493f-b7fe-401fd5a4b594,218,77.9399730631254,49.25609376956439
202794ad-e991-4ba4-a637-4ba523f4bde6,399,39.70831686176541,0.2212034731375656
20ab0e2c-286e-4658-a498-eb35de243219,392,40.054618902358655,72.64683880150768
97efdfee-87d5-40ea-9028-9082f4221e3b,52,41.88703051805205,83.93559967821933
4a4dfa6d-9764-469a-942f-86a6d44f156e,651,31.953747348209248,21.64439392905536
98076c3d-17c6-4a1a-9e27-2a6176b46213,928,55.71404223344511,36.80715599482022
3d4dd54a-abdb-414c-8411-091b0d3f5855,vqzd,85.6655601000456,52.62742257198361
0def31a0-3cfa-4451-9a8d-6937013249cd,215,7.6100398783698,81.14989368171534
a690f37c-01f8-4f76-85d7-cd3dae55a44b,417,64.7708258451769,21.504232926847266
20a70a26-65fa-4cab-a080-7b5e3c72f1e0,45,72.65121511320491,52.09303119749398
3de6f441-b7af-4539-90a7-620975fa979f,208,1.641284866805348,56.14771194006365
64a5f294-5243-4f30-a4b3-b6906f06e502,wLki,44.695035304994,73.34972698703267
6a6d010e-8a0d-4494-af3f-23ab89af7c6f,wshv,57.072454484793134,62.97418282283146
ce5ddd42-49aa-4031-9a97-80c4cba2cf93,271,37.239431622862185,34.982906147061634
b239799b-7c44-43b4-8662-28594612afac,788,49.25298574181976,41.9561020436061
778a0039-a7c8-4cea-a3c0-eae83012065f,470,19.600166802545203,66.13914786720905
65e52c1b-9014-4e9c-84c4-a406d538d196,881,34.86040421910906,62.48339631054009
b1aa1287-a8c2-4ed1-9fb9-3718f2bf215b,101,27.686065469355693,85.20411606741798
f6926726-30c2-4518-97a4-f3e84f41adb1,698,46.30034410874659,16.511872134169604
2281d524-2827-4e4c-a52b-f4fc7ee3de90,876,45.8823206819832,28.258975545477792
44a4ccde-e5be-4f8f-92dc-72d5b6d14b82,532,36.37043444612927,91.56155768311751
4a9d1a8a-c917-48f2-b45e-6cdd45ab83c0,874,14.546545295501245,38.62872873999768
07d3dcda-bbe8-4952-a83b-4c810b057011,846,60.297170887935145,26.756282567754084
3884f9bf-db0c-422d-b335-6b56ec4323cd,180,92.15758200449662,13.199489191697234
838115b7-62b1-4779-845a-76ae8a9bad9d,174,2.606326940401216,24.63757273428816
5014966c-4801-440b-a1f0-56ef9015a8b4,604,38.552605171905526,88.42812221378891
1c7dcf1f-81d6-4554-8788-5ad7d1b81632,jHwx,52.52226921898397,94.39554560464558
5d61fe49-ef03-4a6c-8951-6c0acd64a560,245,50.62214870515087,64.5146101582305
90c5252e-9f4b-4a57-a792-a91736976298,vctf,56.31086789601583,67.55119347358438
1e58b046-2a99-45e4-a49b-59947e36ea0b,hmyv,91.21902476758343,41.53091194654264
3a583af3-8347-439b-8a85-55723717275f,295,26.372920874399583,14.37016949639548
7f0ae17a-5fc0-4fd8-903c-a930a8ee9d4f,741,43.793470085845385,80.47201199683246
6e44a1b6-c80b-4261-ab6f-d8c720df807f,241,70.46601777052925,61.86568720334353
0292ccc7-34d9-4b58-9635-aa5390cb0209,893,97.3230204137766,14.342479826738884
c9115469-7f28-43f4-8467-309c5439f609,328,98.36514497832034,37.11702158766382
651f558f-b2bc-436e-9427-18a9c283907b,307,13.540894039659069,18.88475849270823
78eb91e5-5d09-46b3-8cda-c515cbbee2d0,433,55.40651543574469,49.986867945755954
f6a9f707-e076-4068-b5be-03af4a67c4f0,208,41.771303115129896,97.94228009479068
c91e2a56-8836-4324-aadc-e6de8f21f42f,52,39.4183248674186,45.609083371758
817da1d4-5acd-4a58-8f8e-6510f7a8ef56,411,19.98111069309629,29.27302626514534
e58951cc-8189-45d4-a0eb-f12b49bbda01,630,43.15295142154776,23.44728544297857
ea565bba-913a-4c0c-b3a0-363cfefce029,dbsx,90.9103340923855,21.17497045476228
966746d3-c245-40c9-9314-efc4ea689e93,513,37.47433948339328,93.36080828314184
14a30c2c-e291-425f-b023-fc1e486f84e8,608,32.62562702232138,88.07094214942491
ad6a49a9-b434-4094-b3dc-6653f8cc5752,62,98.50849807664544,43.67842127574808
f376e6c2-4957-4dfb-bb0d-dc1a370398ea,141,23.441950002064736,71.63949810447978
2fb5e57b-be92-44a5-a4ae-d17a373c0e6b,771,96.51522774703704,54.79638681909874
ab78d785-e2ca-4c92-8767-88a3adffea5a,621,67.17574298882249,13.167709072746993
856e1ae6-b146-4a5b-9ed4-d379c33a1559,kiAl,45.64972022216869,32.1928212375758
3f9c6245-edc8-4d5c-9390-14ca8cbed805,288,98.24911669794896,71.73512265204016
d2bf6e0d-0f4e-4f83-b61e-91121e05454a,394,62.65315720917699,36.10112823762991
414bdbb1-259e-4315-bc32-2ee534333dc1,742,30.148191529682865,85.12678787932296
af1e636a-daec-4296-86ee-53a999453efb,558,27.10280301109621,39.15094839554683
60470bc8-2e20-45da-98b7-3df015539007,5,88.19989018920202,79.59742162157977
abb3233e-2c42-4033-bc64-051569075d39,294,52.43875728953705,92.9070927386767
65f3b493-0eef-4671-baa9-34b820cafd9d,199,34.07334691103585,76.69485057275188
48e0ef68-e313-4e01-9456-27ed401d0943,sltc,82.35158557210546,36.97406718761948
db71710e-04d1-4bc5-bdfa-4350cde60cbc,486,49.05564362533973,64.35818509266579
86c3003a-956a-43ec-a5ed-1c1e0b9a6f6e,919,68.47724410077318,20.23219211464261
a2ce949c-3dab-4e4f-b5d6-a4cee4b79051,318,25.188835223154506,62.86722919190196
fd90587b-6bd5-4b3f-9577-0e14d6329ba7,658,49.88212067624883,62.89697815414455
328afac2-86cc-4f49-8cda-c3957a6ff3ef,hp,16.23660087136839,14.714693443045924
ba021608-a7b4-4ba8-ae82-11dbea3d880c,537,16.70979312246762,13.63947654333465
635a9853-281b-4397-a15d-39c045e0950d,434,40.41821514741275,71.24321972099156
3db8d269-dff0-4b3c-9799-a7e17c11dc66,401,49.05809278657481,83.16839258033491
f345a3bc-0a20-43bd-b603-8630d9207293,28,44.93463019459001,52.4561969501618
a48cd41c-7c92-479e-a419-35aaa53fda50,578,68.30351385572071,91.41420567551266
e66090a3-cb5d-4243-b348-9e2b50e8a0fd,161,4.905463321599468,18.262768635637865
eede165e-9fe8-4604-bd59-b3ee9f4d9d36,868,37.12211791562948,18.935208790151517
3e5a766d-3523-4e69-845f-a716812d0355,208,85.47920678502872,56.640995148769335
499940aa-41da-4b2a-b10b-1cf235da54e7,69,10.0490957924268,40.7961490931111
0ea1a7b8-f965-43fe-8434-328765638cc0,ezyf,52.90957980872081,45.057616893801935
aa846867-3689-4a34-982a-f8210b993f1a,702,44.436224901833,23.859827392193832
9c6902b0-e03e-45be-99c7-e9b846f496d5,trvx,94.58726731633816,45.2023636804083
f9bbaded-2668-485d-be95-ce442e8cff7d,prQe,59.45620951053476,26.970638348505503
2cc6fe39-3f65-4100-ba23-afd723dacd56,353,90.86581961788066,7.455809801527491
c319bb56-e6e8-4536-9f7c-de5ecef0468d,44,84.54599242825022,43.169678218368
a19cf184-697a-45c0-8b5f-a306cc6cc7fb,999,73.78450330331607,49.72770765155551
0131b3c9-d9fc-4cd6-9b68-365be9bb9a84,6,13.99120885247972,76.80832727585673
c58317f0-2517-438d-9039-04bd47208f37,785,8.702143337897816,69.12704484221076
7469f60f-a4d4-4745-b923-62541176da5d,77,86.5348760483131,50.47934189484561
fa2daf35-933f-4cdd-96a5-3d70a8b3f5f5,619,19.38485414710126,75.13156636716987
86b7e0ed-412a-4102-8d08-69aeee231ec1,vsMz,24.233967630566944,45.46139235394412
ef22f8db-ed86-4f20-b194-166e98fa255f,owdc,84.77649576000195,41.25208562471371
e60cad20-7967-446c-a1a3-e0ec75463f6c,597,44.47843262977672,1.0572146974660024
0c775814-6b7a-4b43-81b2-a6ece19f2d42,unBx,14.813816971610006,53.14504184628374
6edb7ecf-9166-45ce-a89b-c1b74ed6f975,907,12.098141294247778,77.3931047481916
c71cdafd-4cd0-4c84-92fa-385a218d90d5,827,53.8374189493068,88.69534825864427
be5f74a7-2539-4bf1-8711-e2f6bd9ee95c,221,79.68000994175311,83.40594254730506
c5804a8d-52ae-434e-a2ca-2dbd93bb1509,356,27.50755666077097,40.00438951300288
51003f39-1fd3-4845-81a6-41fa8bb93d6c,212,33.41447263017962,41.34772327315568
a32a976b-f251-43e7-aaa5-ea67c4236106,548,93.18182352325798,61.27032259202768
90ef9d5c-33c8-4e03-9f20-e45d51f54de5,ixgx,73.70855810986127,94.89649268164352
6ca910e5-07de-4d91-82b9-f4802f9e8228,468,16.099749274179075,66.82244972686001
8f471337-a2a1-43f5-b93e-1fc0cdd596f9,471,88.81989514459883,40.00209759931836
eaa3bb20-4e84-4f5e-81ed-3c4af00c4bd0,212,58.56979367109764,23.163276637495542
42ea1504-312a-4db3-94fa-3982aa2c8651,841,19.979394757519977,99.54587607724766
1b9185b4-a23a-4879-9e6a-cbfb0446fca0,184,10.51936273748777,92.49678135741532
1b85824d-d767-487a-b0ed-2947d41d85fe,868,84.27522060233127,59.5933461105091
28d80f5a-80fd-4ae2-86b7-1977f88cd3b7,967,6.803843416655275,23.64377889994104
21012159-83a3-4ea6-8251-2c029de37418,28,72.63984523883367,21.81031592253697
5a95d516-a273-40e1-ae1c-b4821d1d9917,504,82.00406109699611,73.85088784406325
e57deb78-efc1-41ae-9234-841a985f80d1,845,30.96663420609751,85.92198935156479
e3017b55-628a-4074-8e6c-66bf7c2963bb,694,62.11284848174624,26.55711606121871
c3b49e49-c224-4a43-b311-015ecc8b3e36,958,18.64660342501351,58.82696833437046
26d63219-9c7e-4551-8116-4f5040a26126,806,7.026281759722297,23.69962326029472
fe10070b-eab1-4366-bf04-f2d245ca5bc4,382,71.16108589856061,55.77009291235484
0526b75f-c3b8-418c-a582-ead8d2f1762c,919,32.108791078589235,49.347371709289135
0a91da7d-ffbc-45ec-b09b-afb6bb7c9292,jTzG,97.03052565606389,46.14889285470678
f59b84fc-731f-4228-b1b3-52924bdc60a4,751,31.95577440147439,17.724921863431987
75bc71fb-468c-40e3-876a-4660fde54687,757,20.01179784366569,91.85768567684028
76566291-5f14-4361-9b63-7a494299354e,ixwy,77.95893877260417,14.1974819128029
e5676b57-a06c-4d7a-8c6a-d60ea9768a7a,126,86.34259822005455,97.11471127256976
29081377-d76c-4999-971c-0fafd4e12914,279,76.570629285684,93.72534890514804
e3fd6827-917d-4835-9821-b591d5c986a3,5,63.38600946298109,73.44288206912243
fe011ef5-b51f-4d16-85dd-2e67bf47b743,75,36.55813045199762,41.86450541888146
4a21bde0-d19b-493c-9260-da213fcf89ff,880,46.18870445873452,28.18260500383174
eeb2bca1-ca09-4ac0-b4c4-685f6caa7997,635,24.235814264735744,33.78048347442481
2de3836d-16a4-4dab-95a6-451e2495c676,333,33.557664136734886,94.47704819295475
5f17ffbc-de66-476f-96c5-4fe77cbf1c61,ehux,83.2237537485554,19.12006045483757
faf0f59a-bd2d-4f9c-a786-59e62938772e,398,7.622102689436428,97.4077546155654
bc1d0cde-02ce-4ad9-b197-94152b5345d0,741,22.2306255901363,97.24580992293907
8667eb1f-42e8-4799-97fc-fade50131591,46,7.958461181062071,5.7698402973500045
7a3de337-1158-4453-9321-bf23f28a9e88,956,90.32217349354144,64.48625182140907
672e449f-0e29-4853-9ccc-2a85d19ccb4e,UrIy,87.27063011390854,78.22745272205768
20cb2350-f8c7-454d-9c78-8b327a4639c5,41,79.36652625661556,77.42958439370932
6a6e32cc-a92f-4897-bcb6-f9548fbc02f8,710,37.66068315118382,23.797356560407323
84d72324-7821-4baa-818c-21be81129060,rrDy,32.74893097139178,77.03532882014949
7b5a0c12-c50a-424c-b0e5-d6175a1ff5f0,565,18.179968207288987,18.466497666648472
3b55fa3f-646b-4a12-88d3-a23b64feb60c,367,1.097548952302596,43.274872243322726
3d1370c9-2e7d-4fea-90c1-fcf0f2c4b413,633,26.19705335315273,21.15068059469223
a20679e5-9891-4bd2-9568-8c27c599b4f4,4,15.354338694087266,21.81848906918774
93c883f1-7bd2-434c-a6b0-8f5c0469da87,876,6.254028792947775,2.8516610314768487
8cb9a5f2-f2be-4ada-832e-8130105c82fc,369,93.0600253949455,98.09288857386106
2d27676d-28ca-4251-95a1-570f27b03764,27,94.2893979935955,79.69303579158782
cb15c752-4684-4fef-8b9b-acde056a1735,291,1.6128952826260257,94.2274601832764
b9ba7554-b798-4c85-a67d-8a1130d639d1,839,0.9990853127222366,98.55224351313076
c1f485c4-89ea-4d45-a2e3-077498147f7b,245,97.92255136344316,86.68650756122389
47c3ada0-af0a-4b10-9d4b-c831f32ea8b6,vzll,86.7258970764471,37.85733434400912
1c4058ff-2447-4235-9fad-b4c8db3ada05,865,69.12638277700567,2.1924899308706225
870fda3b-4b6e-43de-92e1-d1ffe3ee8b9f,tfFn,39.41123286425986,46.18690811738186
6ff2673d-1438-41d2-a008-ef2e5f27c114,639,44.14333648316885,76.37583356839578
8fb73261-d454-44b3-9b92-97d0f3d4476e,333,84.54992300948525,44.47084299183656
95b217f4-a6be-4faa-a546-7612f4288d27,vooM,80.41288859075256,19.489738142666525
07e873dd-4364-441b-8251-6e6b9e69d27d,860,79.43638914658379,73.82636564826967
b0932d9e-c168-41f6-8d99-ce0abcf4fc80,250,92.31004258075492,22.109881740305028
bdef02f1-854c-46f3-83bf-16b7807febfd,526,74.16495728001581,80.03243410190744
d0c9b638-b062-4779-819b-c612dc54a3fd,319,14.478418768268051,50.60692448217282
63626bdc-380a-45f6-841b-a6a67c772fbd,phfm,92.79145087709256,97.76377073622606
22a37b7f-3b18-4f47-b33e-7a3094c3118e,788,20.171323004589013,73.00258120032717
6f943e7f-4490-49b0-837e-6674d6416e80,33,91.2273219222028,83.71292670736683
12832eca-22a6-4cd2-938c-09663390a261,36,8.142520321921598,13.18251575595627
b4ed7c49-d940-4843-a6b7-a4cc0a628529,601,77.01964025616276,60.40297421934321
864cf598-7260-4938-bce8-f46a06f2fd18,519,81.4804359240225,73.22768893470655
9a8a3c91-9813-4b4d-ae81-22d412aab25d,512,47.65826769608537,17.592824173643518
6873e911-1077-43a0-917d-80a9d4d1a9b2,121,34.27824842566437,19.93100574280432
831a4b98-bf86-469a-b1a9-21d3a7222cb3,98,31.818972045431916,52.99595573711823
419f4f83-d8cc-4d4d-9769-4ed0a415d9b7,523,50.084157247149165,23.98489493098811
4e425474-a555-4b93-91b6-aee43352b026,221,65.64508059329953,48.858446971680216
ba8e0d7c-0582-4cd1-b200-f502f69c62f2,329,13.040887712699034,13.938239993577897
58b8366e-5be5-45f2-a8cc-67a9f6249ddb,760,72.5117570347694,15.180676083675936
0e6642be-5a34-401d-9feb-2a08dbf480e5,855,93.67569101096228,73.92328905002303
f93b3cb6-67d1-4c41-a8ab-02e6a4513858,77,16.03183278627188,49.8264725623845
fa0c3a38-a13f-4beb-98d0-d747c1bdd814,823,23.544812798574945,70.5594274383628
62a9bc54-9eb1-41a6-8230-3fabdba46526,703,70.70676510912384,60.262160432728486
ff50e91a-c17d-40a7-aa5f-2587a111da34,nevd,19.896834555042965,18.508533186483834
70e05a6a-75a6-4ef4-bcf6-cc36ff3022f5,329,78.58133921091157,31.82991486558312
11f1f326-f9bf-42e7-82a1-4cbfb4fadec4,auwc,58.87091602285429,98.30650131589545
feb85fea-5c42-443d-9076-4282b68031b4,426,85.15611032216502,21.621213623018743
5212a117-2e73-4398-aa04-de17c0de7d18,166,39.4620819869814,30.47029363850513
fafb25bc-b95e-49c2-9bf1-55af9759c0ce,358,82.20257269092521,22.65358985654665
8ca1c44e-26fb-48ef-8dc4-21ebd36ff9f8,504,67.27234680508361,24.10077019569388
8aa86d35-a72c-46be-bb0a-d93b63d573dc,897,43.26758297659836,3.8527372710042807
5c6e1ac7-4277-4fcd-a810-29f5da0f7132,460,66.14486550135138,46.92086395479521
bd45fa89-0ad3-4b0f-964d-98c70828d4fe,259,14.536598545447443,82.72902181302626
762220aa-08ac-49bd-8763-2bfaa9fe4262,414,87.16609861160177,33.782295202029225
b2d3bf92-4165-4734-a875-f5878533265d,520,95.0893603038546,70.64039697778638
43501e3e-2592-4b1f-9c9b-fee217d1bd09,894,40.49882389758665,32.241995158222025
3f68ba58-7766-4f44-9609-3ff3f11f65ee,186,7.064285224395784,31.98035966099254
e807d6ab-a2ab-488f-9ff1-2f3d224158e7,280,35.05079349784883,71.5963995901091
80c908cd-0e7c-486e-bf9b-777179e3ad38,527,1.835601739915027,79.76907834378899
78ed206c-9eb7-437a-a121-d7f9d37d5097,410,13.51247194891787,19.19935148034784
c11622bd-98f8-4fc2-8d50-7ee3ab24bfb1,166,12.480829040454788,30.147174627916897
df4ffa42-7fa0-4712-8b8e-1267023989c9,143,31.950547348629566,12.61330692700181
48754e68-d3be-4860-b0b1-f74120a51171,724,89.59904129721934,13.712891945536576
16fc1a1f-836a-4502-925c-57d9ddd8b298,430,57.67582985837624,76.28627711602917
f106c036-bb2c-4865-92f2-7cd6967ef1d3,286,83.34838306523534,37.984156630428615
a87966ef-9805-465a-ad0e-c9c846b67a70,547,50.37195021000029,74.84320481297168
09cd1898-90cb-4c37-9d76-8d8ee1c811b5,935,87.95665857240976,27.900145875477957
64afaeb6-fd02-46a5-9ae2-00aa3ebcdacc,155,76.58395554832143,25.266005043958785
9150f368-fae8-4f04-a614-eb4dfd762c81,217,96.41949348958944,48.5736986904664
b2b7297c-a958-4696-8dee-7be9e19a1928,745,25.38126971917727,83.6329906573953
a3c033db-e0fe-4ae0-90a6-9d17ba4cc30d,632,95.94832071669092,64.337300705283
96b6c1c9-7ead-461e-ac0c-b4dae3209e35,930,27.894710888503184,45.35495055313552
5f2576ad-0280-498b-ab47-6645b0e25a42,786,33.63748719404271,77.8315385634212
da70bc59-07ff-46f6-a146-13739f2dc8b1,792,80.73277307677475,28.34081216651124
209ed356-7d4e-4cf0-a509-bc1bcf91f92f,475,57.30122544772508,89.96628287848092
eadc0a10-3802-441f-be7b-f3f8b2859e35,916,63.52637330033092,6.45700896610647
5457759f-f3d2-481e-bba4-4628e5eeae7b,3,42.86756203142578,6.06389891610144
2f95fbfb-7866-431a-932a-b1557fa15c30,tgmx,64.41063918715867,15.327152230198235
0ee3b513-d24f-4385-aa34-8ce43500ba1f,892,60.52073978104843,37.04745565903544
ef9488a6-0d60-472b-80bf-7183c07e3e7f,sudk,65.37506647929537,6.255881717232303
d5b08e8f-0487-4314-9991-7422fe6cbe3a,354,95.89588296702524,74.55112482718032
08db486c-4c6b-4c8f-a8af-3930e60a5ccc,198,29.709673047624296,50.35253749150288
f13e4218-38ee-4245-b85c-9c2613b4cfda,oonh,61.48090808565898,72.80572067867551
309720af-f959-460f-99bf-0dec14de247b,tmhc,35.71794827946451,98.314221666203
3c62283d-adf6-4600-a751-51be4465c6e0,187,0.0861648804512449,13.081898277550684
a95a75fb-c818-4145-8831-07bdee436232,898,96.79179120618858,58.16584789924661
a6e70c1d-6213-4322-8b33-8126314520ce,gnic,33.58355910857467,85.91955715881791
f0986b1d-7046-4771-bb76-35a0a4a2956c,510,0.5827398845950627,65.7471792218068
b03fd816-39f7-426c-a3f4-f93e976b97c8,cNwa,50.98404913950537,50.04085506620031
81da3129-3589-4e63-bc3c-c6384da077a5,464,15.160197287053368,44.9479094267714
f864e7cc-298d-43d8-ab54-65b8e54354f4,663,17.212066731308752,84.0597810268555
a016656a-05ee-4b4b-9d23-7c5fee8ca162,467,44.20519550893049,38.67052166081903
bfa816d4-754d-48b2-90ab-9f2a876898ce,kxcy,60.39414634500883,21.32563623058425
71e3f258-38b5-4728-a98b-97ec997c12c9,234,37.23515037587869,65.23177093899008
b2d17c0a-6823-4aa9-9d6b-cf0b1b2ac57f,217,26.519470937138312,35.95369675153225
df4788c2-041e-4b4e-bb9c-b04f633734e0,2,7.647828509214771,67.04747125095217
caf0880d-5caa-4e7a-b774-da72031797e8,425,9.010585842639063,79.06779482630422
dde9fc10-23ff-4f3b-bd7b-a5b0bfcdc628,617,25.500663960198043,30.243705898207864
7636473f-c0e2-4ae6-93bb-2256d8264fae,779,87.77045042819974,36.48092937947198
912fd21c-d78c-49f8-8a61-daf64d6b6650,145,77.60880401327961,42.01064536181397
f5285a76-ac56-416f-acd3-ef04145dfe00,465,99.1051738352971,95.59543508668756
40b43c06-0479-4167-bf2b-474ec922c173,328,62.84425026470723,56.243510242413016
c858854e-0172-4e6f-b431-00046de6a509,842,16.16681352731355,67.90855310745397
5396d0ff-21f0-4c39-9da6-643d77225a42,683,25.66165665222695,28.735426177146028
95f6b198-83b6-496f-abe3-45ccd7c53a5d,575,42.85250416166777,12.694755479959486
e78c3ade-076c-4d0c-ae57-5e1ebf26098a,157,71.26861373965244,33.24393562567827
29190de8-b740-4d2f-90e7-a48fdc0c181d,ivai,0.6229879949137263,2.04545337291846
db2c1335-d10d-44bb-a369-dd4b486cd154,mm,33.96748018953747,26.200648651409995
3bf24be9-4a84-4ca7-a8cb-f3ef7fb1873d,457,38.50615910213399,61.40614350122817
273f6a19-804c-47c9-a649-0e317f28e703,pmch,72.01101117811135,62.907732571147655
70243326-e7c9-4624-ae69-6532eabe9b04,784,91.21515780767396,46.61918481473894
8b7301f3-2fd6-46ee-92fd-de9c12ee74c9,416,2.401951268782565,93.9806511216212
18035edd-ddb6-4181-b6aa-4873c70d0f87,anyo,22.81636826897489,60.13219465954072
7d020446-1bd3-4569-9112-928a45641aff,617,69.79634498903911,37.12261395911782
da1ea6a3-5c80-42c2-b1a9-3efb087dd25b,96,23.13208447663357,89.07977446938034
628d315d-fcc8-40b5-938d-f8a212365418,bpYx,2.3190056929638714,36.22131528616704
48d3ce70-89a3-4728-9731-c041965105be,38,30.977800212787187,6.415900036963773
3f3425c9-f456-4c9e-b0c6-5539e644eb2a,550,75.92998823451012,68.90039564837154
1239ecbb-66b6-4ac2-b9de-4efd6c4c4109,sNij,72.05493064385678,21.23960016790821
bc148ed4-e3ab-47bd-bd87-92e72647ab86,527,29.93119313173259,73.77352570301674
38479a9d-743e-477e-a9e4-eaa37ebe5295,95,70.52450943869898,57.567926377817535
34dbee9e-c0cc-4083-bd18-36174799fc24,apou,27.793852350166283,56.37640627614866
bb8aa8b0-a701-4de8-b6ab-a2eeb08ca098,48,66.87940224872673,65.62215702350245
6f8764bc-4f7b-48fd-929f-3de9225b71a5,hzjq,66.23915661954481,22.304862985982933
7e2d8f1f-057f-4404-a0db-051dceb6c1ac,487,48.02456208559109,59.42331075737839
3c0f3310-c2bc-4f6d-a66e-de627c8bfc73,932,56.77793586808414,1.4060999797240623
5c3fe45d-f37e-49f2-a0f3-f1b7f8365fc6,VxQO,56.90294816734773,63.37793012905925
a60c9b48-27af-444e-8df6-8cde66210e72,51,43.12863815122968,34.7735827637966
7f3ae6b0-e42c-499a-b7d2-048730292df6,860,81.2310146592564,82.38111942292784
cff0b79b-f281-4563-8d8a-da201e2703f6,617,92.8580293140428,27.12411185416056
cf2a57a5-d96f-4013-8337-18a0ce9fc461,249,13.239142718919938,52.64581402264192
0aee4863-a8ce-475a-8d9a-4b968f6966cc,Nbik,1.2803615900758292,90.32576343484642
20052d57-586c-40f3-ac81-87f59d52e123,21,11.075638716000167,15.675418837446276
06f0bf86-4e66-4c17-91cd-03e3a0ad619f,427,66.12160362072181,79.23504828179396
f02ca3bd-d889-4ad8-9294-514a4e411298,Udot,88.55171697863457,50.773172396472766
aa2a597c-1d91-4937-8eb1-c7c15fcb30af,851,97.35613327764597,43.35329676825423
75d2e2e0-47c7-4659-8b45-d7d538d8532a,789,3.598489057866161,51.10094053963105
982741c7-e095-4851-b78e-418f6f970ab0,tzje,82.10048449689073,77.73195387854209
fe2a9326-d480-48b4-b232-4945e98ab84b,gnxf,27.739101078795503,38.37102813998604
cb7e074c-4a3d-418a-8b90-61d12cd443fb,819,19.46836064065988,94.25592926105422
16affb2a-aa69-42be-8868-35399e69a707,290,85.40784065452993,80.9055840699515
ac96fd55-7f22-45c3-9964-d93a2936952d,36,78.66065711311707,90.50760608501425
90d0cdcd-b377-4f9c-b009-58204ed82873,326,33.65064848173549,1.3136668516702477
710602c5-e1ef-4b3e-94a9-1083dbaa8a7d,yral,97.45439179889354,27.794809071639506
d60d3c05-3afd-4fc6-9718-781c99e86641,943,9.2731601405612,98.99478882007824
1d2b7818-0c70-4c24-9523-4135f623cec5,882,97.10747932874332,45.75880834609725
267e6586-12d8-4bb8-9126-2e770661fbae,462,78.44936317193876,12.454471205747076
a35a3fe4-e536-4a3b-9144-3e641acba254,892,24.903465482840947,20.797107008384295
852c2c89-e164-4625-9a83-215718a47d2a,863,77.15005246148512,10.577448042878368
42068ddf-5fcd-4906-862e-f53609e74a18,183,14.596017298603304,31.446191225873044
2b7573ef-5aaf-4245-9dd3-ec68acb15a0b,230,74.83372072256982,89.10112550649674
db0b9be9-5c53-433c-a0cf-ebe15e73eee2,743,69.73358197822186,82.9940642134948
e3ffccae-50a6-4ff8-a1a3-d18d4757bf16,814,32.13924801378171,45.12350000576632
fd7c6324-a4dc-49ea-9a23-f2706c89c04e,n,65.1036084860007,4.631313762355138
e6f1ff32-c058-458f-90bc-1fe803d26824,659,38.49693967206975,44.122369726122045
e53d6afe-71cd-40d2-b195-4fa8fc8a26ee,271,44.92424946613174,71.72684570430427
43658d71-2b7d-4b0e-a1fe-8279e2162fcc,189,97.6755828274589,12.54512603752711
d46f9978-97e6-4ebb-a3b4-3acd69594aa4,Kas,19.4043419065326,65.60246875311555
bfe3c986-e013-4e64-9245-7c7e80af1b56,196,84.77811854892846,78.77696837754559
4149e12b-f23a-46b1-aae6-9332da6dacc6,875,23.19772798661049,68.57223794450039
7c0944a2-ada9-4c1d-8d2d-1adf8a6e80be,35,87.79889976592912,46.053518839694426
950bf4a8-28b2-42d8-8242-0f4cc7984ba6,818,5.906396881195097,83.50549421765778
20616e46-09a6-4fb7-95f2-269550d00ac9,308,3.538004876049205,84.73384836408484
9e72deaf-63ce-4471-9575-5e0115237928,Kgxn,55.76796456370664,29.377940545777932
33c93f20-f49f-41fe-8a66-a093e129862a,943,17.177429996919958,90.92202833793924
535c655b-f82f-4b26-aa80-1310d6deba35,69,42.47646987731088,42.95636281508893
ba304f84-378f-4c41-a2ed-e7bd6f33910f,81,27.3219615534642,76.14056441462603
6e2e90d1-eee6-4d98-8949-da6c8dee11f2,694,23.99922097446847,89.57936012147995
11a1bb1e-a873-4562-8a09-46fe8cc5c404,989,81.57577020267995,13.62427671888894
faf35013-0b4e-4a73-90e2-49c3f789780b,674,19.295223159814046,24.51540214436202
7d099bfe-c172-4476-b3f5-21ff5f55c276,dnjg,62.85262279687065,32.09349094395412
8939e124-694c-456b-9240-71d171ad16c7,Nyya,45.36721120821513,5.03789408586075
c1bc3fe6-595b-4b82-b73e-f80844ffc50a,566,52.84217708715055,78.19648103335155
2c84a34c-1fcc-4a93-a6b9-1d52158be5b4,606,56.24391048400096,36.35686921223539
9b013ba9-2704-4507-b762-9f9e812c737b,224,3.651706181028347,23.43784659256045
5828a794-67b7-4dc5-bcd0-1bfe0a4e3348,452,42.99757795676998,53.21447692238692
089c40a9-ed18-4898-aaad-96ca2e72c767,843,95.43665172270856,49.79810292906234
0bce11a0-2b26-48e0-a6f4-5225232ad22c,150,79.41113680950916,22.50274781525279
30490ca7-dcdd-4486-adec-aeba8cc71e50,412,21.320254002626392,59.846137464785
0ed6970e-7739-4415-9124-eecdcb3349ed,895,69.51774227973638,39.97942225267112
86a107b2-e6d5-4e9d-a5f7-7417d5fcfca6,cvwT,63.313270246900814,32.381094685942834
359760bb-824d-4259-ae1b-c149612514ff,726,16.3309581296715,60.35943280993037
bf8305fc-24b2-466a-8243-21ff18c25d1b,738,15.157019210833443,97.51362635106013
58ac58f9-b85e-44fe-91d3-2799984ef3e8,xywO,47.66314786447092,14.400495143013714
3632fa98-6c7e-4148-8b3c-6e5182fb9c10,795,95.95474424707984,85.2784393918024
53060365-c26d-4b1b-87d2-c1dcbd9c5e41,qdhl,74.44407659709594,79.90002243474906
1fc74787-7539-4866-8631-28d9cf53eb12,896,80.59284000483116,84.13093081005327
2effdebb-8a6a-4212-ab4a-4c47fa2c6394,478,68.43707430839781,43.545995785685164
fa275852-9082-4c8a-8ea9-c267ef38f182,488,79.75546118920364,94.320441506399
681aec0d-5507-47e5-be5a-a87d70b5c06b,tZcc,78.10038063620858,45.65007049996337
7ffcde24-4f8e-4743-ba42-55b1383ef33e,712,80.37331825780532,15.431169350777186
70a625e3-2a61-4174-82dc-c0b81a1cd326,941,14.9285621796859,78.10935610087239
e6816249-d29e-48af-950c-2f100f33cd6b,iscf,95.93766834548478,89.00071896002714
68119d06-ba27-46d7-bd40-39112dc34487,126,97.69928996333768,82.74407836888035
97c707a5-4698-4c9a-be04-3240630a95a6,716,36.12628988311788,96.52377443416144
9b095854-15e4-497d-887f-fb280b7ba5d1,312,1.3730350205444108,78.54909594715512
488e2b34-805a-4293-9745-f00b9151c470,dmcr,10.697038534102068,12.14931183909198
2f7f49ea-b745-475a-bd2e-66e7f9f92fe1,Mqpu,43.66374474926992,50.90898436131717
8861ac05-309e-4165-a36d-8203eec729c0,243,71.46114174966382,89.56609471111311
1680b60c-71d4-4cd2-804b-270dc51f65d8,423,40.43552695681045,5.808677293445674
fd053226-8f4e-435d-91e3-3b3330f4be7e,304,11.53757978191221,22.10368173245677
e5da2831-0822-420f-bea8-c8d4e74d41f8,718,6.364586504680824,82.68839656950135
b9433bf0-927a-413c-9b3e-fd0e9ecc4cb1,219,46.7988639654029,1.6708287286115175
5ef223f9-91c4-46eb-93ad-e0091460a20e,373,5.002771850051191,48.3556317831145
aba94d07-2571-4ebb-96ca-87e7ee5c9768,770,61.806941500138535,81.83018356096836
380202ba-7385-4ad3-a605-3cdf023ddc49,ucqc,2.697261124573957,24.16120518585145
20716d8f-80a6-4587-8a17-7679e32dd6a6,642,89.20143013581453,20.8901278727792
41175232-e2c2-4aba-bb12-090665a4d0e4,604,91.3700288023459,60.93176282346901
843be4eb-8518-4ce3-abeb-7e7c806476ad,818,68.01158992510145,82.56750838389365
211a4b18-e4f0-4f36-811e-4882c8d88d90,epnd,60.588576504541535,92.50393581703426
4e666407-7b65-4a2d-bbb6-8bf451cd1af1,7,58.99559632609215,89.85253437969223
dbea6ead-ed09-4303-83d7-e7b1c76cac2d,527,32.37996997449629,71.68009628357588
68976310-b266-4f18-a304-47ca67938e98,488,65.96147002072306,27.516595866083705
8148fd3b-f33e-4790-a5d6-d7d5f0b170cd,531,46.765790300789256,89.24424968787083
8ee84c0b-2a49-403b-a3b7-fb79e8ee5c34,817,83.08649021820132,32.8618298340864
803b096a-5aa0-4c52-abbc-df9116aa9d2c,512,49.07166284415456,68.96166365055605
2f4c5e9d-8fd2-41c7-b3be-130f24ec871f,136,0.930392294307858,75.03533502388088
472f2c5f-a176-4bae-b102-a797d7280ba0,22,67.12158155216967,96.87889182286509
0f7492ee-9bf2-4a29-8f94-ce77cdc615e2,717,35.85009745202915,11.291939824078955
84fcd070-fb51-453c-9b55-d3fc5ce5bc13,Ukze,51.49237868046003,80.07016764931825
ec925c54-acde-4832-81e9-a67794ae46a8,clxu,66.16099014703383,66.71957737217528
0d1ccf43-c87f-4d30-b889-a6784c3a6fc9,759,49.63985672703329,13.114980048708269
4e8cf27f-87e8-4cd3-88a7-28abbd7daeed,211,5.284383542406923,9.970100500788623
b052db1a-a22e-49a6-867b-5885ba12e73b,639,48.89790133488007,82.60333053471336
7de0d40b-83d5-413c-b34f-d676ee939b6e,58,41.1731175659259,72.59211354751456
11dff6f0-3266-4646-882a-5103a34126a0,749,55.58874985826744,91.07266081117552
e71235c3-77af-469f-a3e5-a4de7da820ad,975,93.54509790309037,35.51034733946871
7034220e-3e05-44b7-896a-ef996391bce5,163,69.92804104035554,69.23276612473381
fe980faf-fd8c-48cf-bea6-bfff77b2f29b,416,36.96534645833941,48.28495906951109
cd2ddddc-3cc3-4625-9b69-07cfa6de1141,316,68.3312719758885,20.251575840859925
22b9b045-7a52-4381-b2b8-786c588108b5,735,95.06192538402404,69.47344689685701
8bb6365d-3b33-4010-9fa5-d2ad7cbcf4d1,435,33.939668045081504,56.45874621023669
e87a2467-81f3-4c70-9b41-dd84edc5a7a9,96,74.95707945734792,31.038011672677246
37ebbf7b-820c-4d94-8ccc-1069c51ef199,426,97.42582038076384,95.54787488750333
ad3ee4c5-97f9-4c0d-b912-ea2e54ef02b5,pkar,54.10273401560743,99.6009614151363
675508ea-2319-4324-ab22-1de473f8b035,392,70.30795582673498,11.509886667177216
dd3671ea-5a65-4d6b-8988-937fa392ab8a,864,69.07998567404242,55.554539483537305
a0e0a0b9-7310-41bb-be08-ba38a6fa4c07,403,38.31836263204035,65.36248307561692
051254b6-25ac-4f44-a826-b738823c4e98,wgaa,81.45242157296644,19.397883639755364
cb8eb126-dea3-40f5-ac2e-b602cb88eb47,42,63.04294779338719,83.94937753514652
f1b9838e-ba6d-41ec-bb09-97b8b2ff5ed7,320,14.237980262991613,59.55020452688253
ba8b24d5-5fb6-4b64-be49-8b2e506fcd30,641,78.66319189442692,59.647886039109785
b167213f-0cb0-4db1-89fb-8900357bce25,498,34.627497601609946,55.74085978628786
5c41fa59-6b8d-4736-9cfb-2a362b82aa0b,hsEv,91.67056646577232,74.17757655959727
e42c41ba-b476-4fcc-a0d2-1b26289a14d2,504,57.87302936993763,1.2115545846180908
8b90bb7d-b63f-4921-b4da-015b6887f83d,389,63.74257893518129,90.78414983291472
2753bee2-aa4e-4f9a-96bd-07038ca569ba,417,79.58114149124113,67.2103201522915
5368922f-6402-49e0-99ed-621ebbe788c5,273,97.61882363984328,58.25215332822379
0ef68415-6924-41af-b9ab-49346e36c449,32,57.235403574761776,39.51134559094871
c647d007-622e-4c79-af70-a959c82848c0,lcYg,44.98996129840528,51.20811997328455
bc20c5d8-a455-4a0c-8cfe-b5154d5c0e84,358,42.22899528822656,43.17051973395646
fab7458c-f154-45b7-aeb2-ad2c1aac2d29,ahdu,43.41793958223042,81.40539016367121
5b58d2bd-d6f0-47be-bace-8b53d34175bf,4,81.1523544869166,99.31255014405669
f757dc97-f58e-4d2f-82c0-a31eab0cd015,497,63.82089602520209,72.65839431879795
9d68e737-d78d-481e-b2b3-6b7f3db3b84c,170,41.73082802201369,29.52684228517244
8b29d276-b074-4486-97b7-2da5fc2ee9a8,12,75.9254657839171,86.9504066073403
1f3c0649-e9cf-4a7b-8870-cbc6e8a22c4e,481,54.77499080497843,34.46257364083155
2640b31d-03e3-4d18-acb6-f7b7f607f807,462,3.19469930848425,30.081350240791483
c846372f-cc07-4695-a3e7-bcb972c49429,556,62.46970527938861,39.27894198698871
f233ac86-a63b-417a-9709-2e4023052512,491,62.55057650559815,23.500972394586817
6b6aad46-2986-4829-bfea-d03cb570fc74,65,10.240103251097798,29.66608562584596
b809a7f5-0002-45e3-b258-ae22ff6503f8,961,19.61396684977096,67.37244839039137
